00	202
61	71
01	48
2f	41
6e	34
74	34
69	29
72	29
6c	28
67	26
65	24
6a	24
76	22
07	19
4c	16
0a	14
0c	13
53	13
6f	13
28	12
3b	12
29	11
75	11
64	9
02	8
03	7
0b	7
73	7
06	6
15	6
62	6
63	6
6d	6
70	6
04	5
08	5
10	5
13	5
42	5
05	4
0e	4
14	4
16	4
1e	4
2b	4
49	4
4f	4
56	4
b6	4
09	3
0d	3
17	3
1d	3
20	3
2d	3
33	3
36	3
43	3
46	3
59	3
79	3
b7	3
b8	3
0f	2
11	2
12	2
1b	2
1c	2
21	2
22	2
2a	2
2c	2
2e	2
3a	2
3c	2
3d	2
3e	2
40	2
41	2
44	2
45	2
4d	2
50	2
54	2
6b	2
b1	2
bb	2
18	1
19	1
1a	1
1f	1
23	1
24	1
25	1
26	1
27	1
30	1
31	1
32	1
34	1
35	1
37	1
38	1
39	1
3f	1
47	1
48	1
4a	1
4e	1
57	1
5a	1
5b	1
66	1
68	1
84	1
88	1
8e	1
a2	1
a7	1
b2	1
b9	1
ba	1
be	1
ca	1
e5	1
fa	1
fd	1
fe	1
ff	1
