00 00	271
00 64	44
02 00	28
03 00	24
00 74	22
01 00	22
00 83	18
04 00	17
00 52	16
00 73	15
05 00	13
00 7c	12
70 79	12
08 00	11
28 00	11
00 28	10
09 00	10
06 00	9
07 00	9
72 73	9
00 5a	8
07 01	8
61 70	8
6f 6e	8
73 2f	8
73 69	8
74 03	8
00 4e	7
00 65	7
61 63	7
64 02	7
65 74	7
6c 61	7
6e 74	7
73 63	7
00 36	6
0a 00	6
0c 01	6
2f 6c	6
2f 73	6
64 01	6
65 72	6
6c 69	6
74 04	6
74 65	6
79 65	6
79 74	6
00 2f	5
2d 70	5
2e 70	5
2f 6e	5
32 2e	5
36 64	5
37 2f	5
62 2f	5
63 6b	5
65 6c	5
65 73	5
67 65	5
69 74	5
6b 61	5
72 2f	5
73 34	5
74 07	5
74 68	5
74 69	5
74 70	5
75 73	5
76 65	5
79 2f	5
7c 02	5
83 03	5
00 53	4
00 6a	4
00 6b	4
0a 01	4
0f 01	4
28 03	4
43 00	4
53 28	4
54 50	4
61 79	4
63 61	4
64 00	4
65 07	4
68 6f	4
69 6d	4
69 6f	4
6d 65	4
70 61	4
74 08	4
84 00	4
00 17	3
00 54	3
00 5f	3
00 69	3
00 6d	3
00 84	3
01 0c	3
01 63	3
02 02	3
0b 00	3
0c 00	3
0d 00	3
0f 00	3
16 00	3
17 00	3
28 01	3
2e 37	3
2f 70	3
2f 75	3
34 00	3
46 69	3
52 1a	3
5f 5f	3
61 67	3
64 09	3
64 0b	3
65 2d	3
69 62	3
69 65	3
69 6e	3
6c 64	3
6e 32	3
70 2e	3
70 72	3
72 74	3
73 02	3
73 72	3
73 74	3
74 06	3
74 72	3
75 6d	3
79 52	3
7c 01	3
00 06	2
00 42	2
00 63	2
00 6e	2
00 72	2
01 04	2
01 0a	2
01 12	2
01 64	2
06 02	2
10 00	2
11 00	2
18 01	2
1d 00	2
1e 00	2
20 00	2
20 25	2
28 02	2
2c 20	2
2e 30	2
4e 54	2
52 02	2
52 03	2
52 0a	2
52 0b	2
52 0e	2
53 74	2
59 5a	2
5a 05	2
5f 64	2
61 73	2
61 74	2
63 00	2
64 03	2
64 05	2
64 06	2
64 08	2
64 19	2
64 1f	2
64 21	2
64 2a	2
64 63	2
64 65	2
64 74	2
65 04	2
65 05	2
65 66	2
65 69	2
65 6e	2
66 01	2
66 74	2
67 6d	2
69 04	2
69 20	2
69 32	2
69 73	2
6b 74	2
6c 65	2
6d 6f	2
6e 69	2
6f 63	2
6f 64	2
6f 6c	2
6f 74	2
70 6f	2
72 65	2
72 69	2
73 06	2
73 70	2
73 79	2
74 01	2
74 05	2
74 09	2
74 0a	2
74 0b	2
74 0c	2
74 46	2
74 52	2
79 2e	2
83 01	2
ff ff	2
00 01	1
00 03	1
00 07	1
00 0a	1
00 0f	1
00 13	1
00 2a	1
00 2b	1
00 2d	1
00 31	1
00 40	1
00 43	1
00 46	1
00 61	1
00 6c	1
00 6f	1
00 70	1
00 76	1
00 7d	1
01 10	1
01 22	1
01 24	1
01 28	1
01 4e	1
02 0c	1
02 16	1
03 f3	1
04 06	1
06 01	1
09 03	1
09 05	1
09 08	1
0a 69	1
0d 0a	1
0e 00	1
12 00	1
12 02	1
14 00	1
15 00	1
18 00	1
18 16	1
18 83	1
19 00	1
1a 00	1
1b 00	1
1f 00	1
20 54	1
20 76	1
22 00	1
23 00	1
24 00	1
25 00	1
25 4d	1
25 4e	1
25 59	1
25 61	1
25 64	1
25 69	1
26 00	1
27 00	1
28 06	1
28 0b	1
28 4e	1
29 2e	1
2b 00	1
2b 30	1
2d 73	1
2e 31	1
2e 66	1
2e 69	1
2e 6d	1
30 28	1
30 30	1
32 37	1
32 69	1
32 6d	1
36 00	1
36 83	1
36 a5	1
37 00	1
3a 25	1
3c 6d	1
3d 01	1
40 00	1
41 53	1
42 00	1
42 69	1
45 54	1
45 6e	1
45 74	1
48 3a	1
49 00	1
49 4d	1
49 50	1
4e 28	1
4e 69	1
50 20	1
50 2e	1
50 49	1
50 61	1
50 6f	1
50 72	1
52 04	1
52 05	1
52 08	1
52 16	1
52 19	1
53 20	1
53 7c	1
55 44	1
5a 01	1
5a 03	1
5a 0a	1
5f 28	1
5f 42	1
5f 4e	1
5f 62	1
5f 69	1
5f 6c	1
5f 6e	1
5f 70	1
5f 74	1
61 6c	1
61 6d	1
61 72	1
61 75	1
62 20	1
62 69	1
62 72	1
63 03	1
63 52	1
63 76	1
64 0c	1
64 0e	1
64 10	1
64 13	1
64 14	1
64 17	1
64 18	1
64 1b	1
64 1c	1
64 24	1
64 29	1
64 52	1
64 73	1
64 75	1
65 00	1
65 03	1
65 06	1
65 0a	1
65 0b	1
65 20	1
65 25	1
65 3e	1
65 53	1
65 5f	1
65 63	1
65 64	1
66 28	1
66 69	1
66 72	1
67 0d	1
67 74	1
68 74	1
69 00	1
69 03	1
69 06	1
69 08	1
69 0a	1
69 10	1
69 64	1
69 76	1
69 78	1
69 7b	1
6a 00	1
6a 01	1
6a 02	1
6a 03	1
6a 04	1
6a 05	1
6a 08	1
6c 01	1
6c 02	1
6c 03	1
6c 04	1
6c 6c	1
6c 74	1
6d 5f	1
6d 61	1
6d 69	1
6d 70	1
6e 00	1
6e 25	1
6e 61	1
6e 63	1
6e 64	1
6e 65	1
6e 67	1
6e 75	1
6e 79	1
6f 61	1
6f 72	1
6f 77	1
70 65	1
72 10	1
72 2c	1
72 2e	1
72 32	1
72 36	1
72 6b	1
72 70	1
72 76	1
72 79	1
73 09	1
73 0c	1
73 0d	1
73 10	1
73 1e	1
73 21	1
73 28	1
73 2c	1
73 41	1
73 49	1
73 4f	1
73 65	1
74 00	1
74 02	1
74 0e	1
74 0f	1
74 28	1
74 5f	1
74 61	1
74 63	1
74 74	1
75 6c	1
75 74	1
77 6f	1
79 6d	1
79 70	1
79 73	1
7a 65	1
7c 00	1
7d 02	1
80 7e	1
83 02	1
83 04	1
85 00	1
99 54	1
aa 83	1
