00 00 00	4299
40 00 00	328
ff ff 48	283
48 89 c7	251
48 8b 45	224
89 c7 e8	219
00 00 22	188
22 00 0d	183
08 00 00	179
00 41 0e	165
0e 10 86	165
43 0d 06	165
86 02 43	165
1c 00 00	161
00 00 1c	156
00 5f 5a	143
0c 07 08	142
55 48 89	132
00 00 48	122
48 89 7d	122
00 00 12	114
89 e5 48	113
ff ff ff	112
ff 48 89	105
5f 5a 4e	98
12 00 00	97
60 00 00	95
53 74 34	91
34 70 61	89
48 8d 85	89
61 69 72	89
48 83 ec	88
74 6f 72	83
7d f8 48	83
00 48 89	82
69 72 49	82
70 61 69	82
74 34 70	82
72 49 53	80
ff 48 8d	80
45 f8 48	69
fd ff ff	69
53 61 49	66
07 00 00	64
00 00 01	61
6f 72 49	61
48 89 75	60
5a 4e 53	59
00 00 07	57
01 00 00	57
49 53 74	57
64 45 53	57
1a 00 00	56
ff 48 8b	56
45 76 00	55
53 74 31	54
61 49 53	54
00 00 04	53
5f 45 45	53
48 8b 55	51
65 63 74	51
48 89 d6	50
63 74 6f	50
d6 48 89	50
4e 53 74	49
20 00 68	48
64 64 45	48
72 49 64	48
c9 c3 55	48
fe ff ff	47
5d c3 55	46
02 00 00	45
0e 00 00	45
00 00 03	43
89 c3 48	43
45 e8 48	42
49 64 64	42
8b 45 f8	42
53 32 5f	41
53 73 64	41
5f 00 5f	41
49 53 73	40
62 61 73	40
73 64 45	40
55 e8 48	39
61 74 6f	39
75 f0 48	39
53 31 5f	38
ec 10 48	38
31 5f 45	37
48 89 e5	37
5f 62 61	37
5f 63 78	37
00 00 10	36
00 00 1a	36
48 89 c3	36
c3 90 55	36
00 00 02	35
00 48 8b	35
5f 5f 67	35
76 00 5f	35
74 65 72	34
39 5f 5f	33
53 33 5f	33
c3 55 48	33
00 00 c9	32
04 00 00	32
49 50 53	32
5f 67 6e	32
67 6e 75	32
6e 75 5f	32
73 74 72	32
76 65 63	32
00 00 24	31
45 a8 48	31
48 89 55	31
49 53 31	31
61 73 65	31
63 78 78	31
74 36 76	31
75 5f 63	31
36 76 65	30
53 74 36	30
ec 20 48	30
00 00 08	29
0a 00 00	29
45 53 61	29
48 89 ce	29
5a 53 74	29
69 74 65	29
8b 45 a8	29
ce 48 89	29
03 00 00	28
45 45 45	28
48 8b 00	27
78 78 31	27
00 00 06	26
00 00 20	26
31 32 5f	26
47 4c 49	26
49 42 43	26
89 ce 48	26
06 00 00	25
40 40 47	25
43 58 58	25
49 53 32	25
65 72 61	25
89 d6 48	25
d8 48 89	25
43 31 45	24
4e 39 5f	24
5f 5a 53	24
6f 72 5f	24
f8 48 89	24
00 00 0e	23
00 00 d0	23
02 00 02	23
48 89 45	23
5a 4e 39	23
72 5f 62	23
73 65 49	23
8b 45 e8	23
e8 48 89	23
20 00 00	22
24 00 00	22
33 2e 34	22
45 52 4b	22
58 5f 33	22
6c 6c 6f	22
00 48 8d	21
34 00 5f	21
40 00 48	21
48 8b 85	21
5f 56 65	21
5f 6e 6f	21
5f 74 72	21
69 74 73	21
72 61 69	21
7d e8 48	21
00 c9 c3	20
05 00 00	20
06 55 0c	20
37 5f 5f	20
50 53 74	20
5f 61 6c	20
74 31 32	20
e8 48 8b	20
ff ff 1a	20
00 00 ff	19
20 fd ff	19
4c 49 42	19
5f 53 61	19
61 6c 6c	19
64 45 45	19
6c 5f 69	19
6c 6f 63	19
6d 61 6c	19
6f 72 6d	19
72 61 74	19
c3 48 8d	19
00 00 44	18
00 5f 5f	18
06 45 83	18
06 49 0c	18
08 48 8b	18
31 00 00	18
32 5f 56	18
40 47 4c	18
45 45 43	18
45 f0 48	18
48 83 c4	18
48 8d 45	18
48 8d 50	18
52 4b 53	18
56 65 63	18
5a 4e 4b	18
5f 69 74	18
8b 00 48	18
a8 48 8b	18
f8 48 8b	18
fc ff ff	18
ff ff 0e	18
00 00 11	17
00 00 40	17
00 00 84	17
00 00 b8	17
2d 00 00	17
31 31 63	17
31 37 5f	17
32 5f 45	17
45 53 74	17
45 d8 48	17
5f 5f 6e	17
61 6c 5f	17
61 72 5f	17
63 68 61	17
6f 63 61	17
73 49 63	17
74 31 31	17
e0 48 89	17
ff ff 00	17
00 00 38	16
00 00 e8	16
10 00 00	16
25 00 00	16
32 5f 53	16
45 d0 48	16
48 89 85	16
48 8b 40	16
53 48 83	16
54 30 5f	16
5f 33 2e	16
65 49 53	16
6e 6f 72	16
6f 70 79	16
72 65 61	16
72 6d 61	16
78 31 37	16
8b 45 d8	16
d0 48 89	16
00 00 0a	15
00 00 14	15
00 00 18	15
00 00 74	15
00 00 be	15
10 48 8b	15
12 00 0d	15
14 00 00	15
2e 34 00	15
42 43 58	15
44 31 45	15
48 8b 4d	15
49 63 45	15
53 34 5f	15
58 58 5f	15
60 ff ff	15
61 73 69	15
63 61 74	15
69 63 5f	15
6e 69 74	15
89 df e8	15
00 00 eb	14
00 00 f8	14
33 5f 00	14
45 45 31	14
48 8d 95	14
49 63 53	14
5f 63 6f	14
72 49 50	14
75 e0 48	14
89 c2 48	14
f8 ff ff	14
00 00 05	13
00 00 28	13
00 00 30	13
00 00 54	13
00 00 78	13
01 48 8d	13
07 08 00	13
10 48 89	13
18 00 00	13
32 45 76	13
48 8b 95	13
4e 4b 53	13
55 f0 48	13
5b 5d c3	13
72 5f 74	13
74 31 33	13
85 60 ff	13
f0 48 89	13
00 00 2d	12
00 00 34	12
00 00 3c	12
00 00 50	12
00 00 5e	12
00 00 bc	12
00 00 fc	12
03 48 89	12
11 00 00	12
3d 00 00	12
45 45 44	12
45 f8 5d	12
61 69 74	12
61 6d 49	12
63 6f 70	12
69 6e 69	12
74 72 61	12
74 73 49	12
80 fe ff	12
83 03 02	12
8b 45 f0	12
a8 48 89	12
c2 48 8b	12
00 00 31	11
00 00 5c	11
00 00 9c	11
00 00 f4	11
0d 00 00	11
33 6e 65	11
43 32 45	11
45 00 5f	11
45 43 31	11
45 76 40	11
45 e0 48	11
49 54 5f	11
4b 53 73	11
4b 53 74	11
50 01 48	11
57 40 00	11
58 ff ff	11
5f 73 74	11
63 45 45	11
65 77 5f	11
69 7a 65	11
75 40 00	11
78 31 33	11
8d 50 01	11
8d 85 20	11
b8 00 00	11
c3 48 8b	11
e5 48 83	11
ff ff be	11
ff ff c9	11
00 00 25	10
00 00 2c	10
00 00 36	10
00 00 46	10
00 00 94	10
00 00 c7	10
00 00 e0	10
00 00 e4	10
07 08 1c	10
09 00 00	10
29 00 00	10
31 45 76	10
32 5f 00	10
40 08 48	10
45 50 53	10
48 29 c2	10
5f 53 33	10
5f 54 30	10
5f 54 5f	10
62 30 45	10
65 00 00	10
68 61 72	10
6f 73 5f	10
89 7d e8	10
89 d0 48	10
89 e5 53	10
8b 45 e0	10
8b 55 f8	10
8b 85 60	10
8d 85 80	10
a0 81 60	10
be 00 00	10
c2 48 89	10
e5 53 48	10
ff ff 01	10
ff ff 38	10
ff ff ba	10
ff ff e9	10
00 00 26	9
00 00 29	9
00 00 41	9
00 00 56	9
00 00 64	9
00 00 65	9
00 00 66	9
00 00 68	9
00 00 98	9
00 00 a6	9
00 00 b0	9
00 00 b4	9
00 00 c4	9
00 00 d4	9
00 00 ec	9
0c 00 00	9
29 c2 48	9
30 5f 45	9
31 33 6e	9
31 63 68	9
38 00 00	9
45 43 32	9
48 89 c2	9
48 89 d0	9
4c 62 30	9
4d e0 48	9
53 74 38	9
54 5f 53	9
5f 45 54	9
61 74 61	9
63 53 74	9
6e 65 77	9
73 69 63	9
76 65 5f	9
77 5f 61	9
79 5f 6d	9
85 20 fd	9
89 7d f8	9
89 de 48	9
8b 45 d0	9
8b 55 e8	9
8d 85 90	9
d0 7d 60	9
e4 ff ff	9
f0 48 8b	9
f6 ff ff	9
fa ff ff	9
ff eb 03	9
ff ff 31	9
ff ff a0	9
00 00 0c	8
00 00 1b	8
00 00 32	8
00 00 4c	8
00 00 7c	8
00 00 86	8
00 00 88	8
00 00 8e	8
00 00 90	8
00 00 cc	8
00 00 dc	8
02 00 0d	8
06 68 0c	8
06 6c 0c	8
22 00 00	8
45 53 32	8
48 83 7d	8
48 89 d8	8
48 89 df	8
4e 53 61	8
50 08 48	8
50 4b 63	8
55 d8 48	8
5e 00 00	8
63 5f 69	8
65 61 6d	8
65 67 69	8
65 73 74	8
69 6d 70	8
6d 6f 76	8
6e 69 6e	8
72 5f 69	8
74 72 65	8
85 58 ff	8
89 45 f8	8
89 d8 48	8
8d 85 70	8
8d 85 b0	8
d0 48 8d	8
e0 48 8b	8
e3 ff ff	8
f7 ff ff	8
f8 48 8d	8
ff 48 83	8
ff ff 18	8
ff ff 2d	8
ff ff 58	8
ff ff 83	8
ff ff a8	8
ff ff c0	8
ff ff c8	8
ff ff e0	8
ff ff e8	8
ff ff eb	8
00 00 09	7
00 00 13	7
00 00 16	7
00 00 2f	7
00 00 3d	7
00 00 49	7
00 00 58	7
00 00 60	7
00 00 70	7
00 00 80	7
00 00 8c	7
00 00 a0	7
00 00 a4	7
00 00 a8	7
00 00 ac	7
00 00 b6	7
00 00 c0	7
00 00 c8	7
00 00 e6	7
00 00 ea	7
00 00 f6	7
04 48 89	7
06 60 0c	7
0f 00 00	7
18 48 89	7
2c 00 00	7
30 5f 54	7
31 45 52	7
32 00 00	7
33 5f 49	7
34 5f 5f	7
38 69 6f	7
41 54 53	7
44 32 45	7
45 31 33	7
45 54 30	7
48 3b 45	7
48 8b 10	7
48 8d 48	7
49 6f 73	7
4b 39 5f	7
4e 53 73	7
50 ff ff	7
53 74 32	7
54 31 5f	7
55 e0 48	7
5f 74 79	7
5f 75 6e	7
61 49 63	7
61 74 65	7
65 45 76	7
65 72 5f	7
65 74 61	7
69 73 74	7
6d 49 63	7
70 fd ff	7
72 69 6e	7
73 65 45	7
74 5f 61	7
74 61 72	7
74 72 6f	7
76 40 40	7
79 70 65	7
83 ec 10	7
83 ec 18	7
84 00 00	7
89 75 e0	7
89 e5 41	7
8d 85 c0	7
a0 48 89	7
bf 10 00	7
c4 18 5b	7
c7 e8 48	7
c7 e8 cc	7
f2 0f 11	7
ff ff 20	7
ff ff 25	7
ff ff 60	7
ff ff 80	7
ff ff f8	7
00 00 1e	6
00 00 2b	6
00 00 2e	6
00 00 33	6
00 00 42	6
00 00 6c	6
00 00 6e	6
00 00 73	6
00 00 96	6
00 00 99	6
00 00 c6	6
00 00 d2	6
00 00 da	6
00 00 f0	6
06 45 0c	6
06 47 8c	6
10 33 40	6
15 00 00	6
19 00 00	6
30 00 00	6
31 32 4e	6
31 33 5f	6
32 5f 5f	6
34 00 00	6
34 62 61	6
39 62 61	6
3c 00 00	6
41 83 fc	6
42 00 00	6
44 61 74	6
45 45 37	6
45 45 4e	6
45 45 76	6
45 c8 48	6
46 00 00	6
48 83 45	6
48 89 de	6
48 8d b5	6
48 c1 e0	6
48 c1 f8	6
49 4c 62	6
4d f0 48	6
4e 47 5f	6
50 4b 53	6
50 fd ff	6
52 53 74	6
53 35 5f	6
58 00 00	6
5a 4e 31	6
5f 45 31	6
5f 4d 65	6
5f 52 4b	6
5f 52 53	6
5f 5f 63	6
5f 69 66	6
61 5f 44	6
61 63 6b	6
61 6c 69	6
64 5f 61	6
65 45 53	6
65 64 5f	6
66 69 6e	6
69 61 6c	6
69 74 69	6
6c 69 7a	6
6e 64 5f	6
70 79 5f	6
71 00 00	6
72 6f 79	6
73 49 53	6
74 31 34	6
74 68 72	6
74 69 61	6
75 6e 69	6
7d f8 5d	6
85 c0 fc	6
89 75 d0	6
8c 03 83	6
8d 85 a0	6
8d 85 f0	6
8d b5 20	6
90 fd ff	6
b5 20 fd	6
c0 fc ff	6
c1 f8 04	6
d8 48 8b	6
de 48 89	6
e0 04 48	6
f0 ff ff	6
f2 0f 10	6
f3 ff ff	6
f4 ff ff	6
f8 7d 60	6
f9 ff ff	6
ff ff 0a	6
ff ff 28	6
ff ff 40	6
ff ff 68	6
ff ff 88	6
ff ff b8	6
00 00 15	5
00 00 19	5
00 00 1d	5
00 00 1f	5
00 00 3e	5
00 00 47	5
00 00 53	5
00 00 5b	5
00 00 6a	5
00 00 71	5
00 00 76	5
00 00 7a	5
00 00 7e	5
00 00 9a	5
00 00 a5	5
00 00 aa	5
00 00 ba	5
00 00 d6	5
00 00 d7	5
00 48 29	5
00 5d c3	5
00 c7 45	5
02 00 03	5
04 00 f1	5
06 4c 0c	5
06 78 0c	5
0b 00 00	5
0d 00 38	5
0d 00 88	5
0d 00 aa	5
0d 00 ba	5
0d 00 c8	5
0d 00 f0	5
10 fd ff	5
26 00 00	5
31 33 69	5
31 34 62	5
33 40 00	5
33 5f 5f	5
35 5f 45	5
37 5f 53	5
3e 00 00	5
41 bc 00	5
44 00 00	5
45 44 32	5
45 45 39	5
45 45 52	5
45 45 54	5
45 4c 62	5
45 a0 48	5
45 b0 48	5
45 f8 c7	5
46 52 53	5
48 08 48	5
48 39 c2	5
48 89 42	5
48 89 50	5
48 8b 48	5
48 8d 55	5
48 8d 8d	5
48 ff 48	5
49 89 c4	5
4b 53 32	5
4b 53 33	5
4e 57 40	5
54 05 00	5
5b 41 5c	5
5f 4d 5f	5
5f 53 34	5
5f 53 35	5
5f 5f 00	5
5f 69 6e	5
5f 69 73	5
5f 6d 6f	5
61 72 64	5
63 45 53	5
64 5f 63	5
66 73 74	5
69 66 73	5
69 72 73	5
6b 77 61	5
6e 65 49	5
6f 6e 73	5
6f 76 65	5
70 79 49	5
70 fe ff	5
72 74 5f	5
72 75 63	5
73 69 7a	5
74 08 41	5
74 65 45	5
78 61 5f	5
7a 00 00	5
7a 65 45	5
7a 65 64	5
81 60 00	5
85 50 ff	5
85 90 fd	5
85 b0 fa	5
85 d0 fc	5
89 55 d8	5
89 7d d8	5
89 c4 48	5
8b 40 08	5
8b 40 10	5
8b 4d f0	5
8b 50 08	5
8b 55 d8	5
8b 85 58	5
8d 45 a0	5
8d 45 f0	5
8d 48 ff	5
8d 85 00	5
90 41 bc	5
b0 48 89	5
b0 fd ff	5
ba 10 33	5
bc 01 00	5
be 4e 57	5
c7 e8 00	5
c7 e8 7e	5
c7 e8 a8	5
c7 e8 da	5
c7 e8 dc	5
e5 48 89	5
e8 7d 60	5
eb 07 90	5
eb 22 48	5
ec 30 48	5
f0 7d 60	5
f0 c9 c3	5
f0 fc ff	5
f1 ff 00	5
f5 ff ff	5
f8 48 c7	5
fb ff ff	5
fc 01 74	5
ff 00 00	5
ff 48 29	5
ff ba 10	5
ff ff 08	5
ff ff 11	5
ff ff 30	5
ff ff 3d	5
ff ff 41	5
ff ff 4c	5
ff ff 78	5
ff ff 98	5
ff ff d8	5
00 00 0b	4
00 00 0f	4
00 00 21	4
00 00 23	4
00 00 35	4
00 00 3a	4
00 00 3b	4
00 00 4e	4
00 00 55	4
00 00 59	4
00 00 5a	4
00 00 67	4
00 00 69	4
00 00 6d	4
00 00 72	4
00 00 89	4
00 00 9b	4
00 00 a1	4
00 00 b3	4
00 00 c2	4
00 00 ce	4
00 00 d1	4
00 00 d8	4
00 00 ef	4
00 00 f2	4
00 48 83	4
00 49 89	4
00 5f 49	4
00 80 60	4
00 eb 05	4
03 00 02	4
04 57 40	4
05 b8 00	4
06 4f 0c	4
06 5d 0c	4
06 64 0c	4
06 73 0c	4
08 48 8d	4
0d 00 1e	4
0d 00 2e	4
0d 00 48	4
0d 00 7e	4
0d 00 ae	4
0d 00 e0	4
10 13 40	4
10 48 83	4
18 48 8b	4
1b 00 00	4
1e 00 00	4
2e 32 2e	4
2e 35 00	4
2f 00 00	4
30 5f 00	4
30 5f 53	4
30 5f 5f	4
30 fd ff	4
31 30 5f	4
31 5f 00	4
31 5f 5f	4
32 2e 32	4
32 2e 35	4
32 30 5f	4
32 45 52	4
33 62 61	4
34 5f 53	4
35 00 00	4
38 02 40	4
40 10 48	4
40 16 40	4
41 55 41	4
42 43 5f	4
43 00 00	4
43 5f 32	4
45 44 31	4
45 45 35	4
45 45 38	4
45 53 38	4
45 62 52	4
45 b8 48	4
45 e8 10	4
45 f0 c9	4
46 6d 74	4
48 89 4d	4
48 89 c1	4
48 89 c6	4
48 8b 50	4
49 53 33	4
4c 89 e6	4
4e 4b 39	4
50 53 32	4
53 41 5f	4
53 5f 00	4
53 73 34	4
54 02 40	4
54 4d 43	4
54 5f 54	4
5b 00 00	4
5f 32 2e	4
5f 44 65	4
5f 53 36	4
5f 5f 75	4
5f 63 61	4
5f 65 6e	4
5f 6d 00	4
60 00 e8	4
60 14 40	4
60 fd ff	4
61 62 6c	4
61 72 72	4
61 74 63	4
61 75 78	4
62 61 63	4
63 00 5f	4
64 00 5f	4
64 45 43	4
64 65 61	4
65 00 5f	4
65 49 4e	4
67 69 73	4
69 6f 73	4
6c 61 67	4
6c 65 00	4
6f 63 5f	4
6f 6e 5f	4
6f 6e 65	4
6f 79 49	4
70 6c 43	4
70 6c 44	4
70 ff ff	4
72 61 79	4
72 65 67	4
72 6f 77	4
73 5f 46	4
73 74 65	4
73 75 62	4
74 00 2e	4
74 32 30	4
74 61 5f	4
74 66 6c	4
76 54 5f	4
78 31 34	4
78 57 40	4
78 fe ff	4
79 49 50	4
7d f0 00	4
83 04 02	4
83 c4 18	4
84 c0 0f	4
84 c0 74	4
85 30 fd	4
89 42 08	4
89 45 e0	4
89 45 e8	4
89 50 08	4
89 75 f0	4
89 85 50	4
89 85 58	4
89 85 60	4
89 e2 48	4
8b 55 e0	4
8b 55 f0	4
8d 45 e0	4
8d 55 f8	4
8d 85 10	4
8d 85 d0	4
8d 85 e0	4
98 01 00	4
98 81 60	4
a0 f8 ff	4
a0 fe ff	4
b0 15 40	4
b0 fe ff	4
ba 00 00	4
bc 00 00	4
c0 fe ff	4
c4 48 8b	4
c6 48 89	4
c7 e8 30	4
c7 e8 3e	4
c7 e8 44	4
c7 e8 5a	4
c7 e8 66	4
c7 e8 c0	4
c9 00 00	4
d0 48 c1	4
d8 48 c1	4
e6 48 89	4
e6 ff ff	4
e7 ff ff	4
eb 03 48	4
eb 1a 48	4
ec 18 48	4
ef ff ff	4
f1 ff ff	4
f8 b8 00	4
ff 6f 00	4
ff c9 c3	4
ff ff 10	4
ff ff 14	4
ff ff 1c	4
ff ff 22	4
ff ff 29	4
ff ff 5e	4
ff ff 65	4
ff ff 89	4
ff ff c7	4
00 00 17	3
00 00 27	3
00 00 37	3
00 00 3f	3
00 00 43	3
00 00 57	3
00 00 61	3
00 00 75	3
00 00 79	3
00 00 8a	3
00 00 8f	3
00 00 a9	3
00 00 af	3
00 00 bf	3
00 00 cd	3
00 00 cf	3
00 00 d9	3
00 00 de	3
00 00 e2	3
00 00 f7	3
00 00 fa	3
00 00 fb	3
00 00 fd	3
00 00 fe	3
00 02 00	3
00 2e 73	3
00 48 85	3
00 48 c7	3
00 4c 89	3
00 5f 47	3
00 6c 69	3
00 e9 00	3
00 e9 10	3
00 e9 20	3
00 e9 30	3
00 e9 40	3
00 e9 50	3
00 e9 60	3
00 e9 70	3
00 e9 80	3
00 e9 90	3
00 e9 a0	3
00 e9 b0	3
00 e9 c0	3
00 e9 d0	3
00 e9 e0	3
00 e9 f0	3
00 eb 03	3
00 fd ff	3
00 fe ff	3
00 ff ff	3
01 00 01	3
01 00 1a	3
01 05 00	3
01 48 89	3
01 78 10	3
01 d0 48	3
02 00 04	3
02 5b 0c	3
02 67 0c	3
04 00 02	3
06 49 8d	3
06 57 0c	3
06 7d 0c	3
07 08 90	3
08 f2 0f	3
0d 00 14	3
0d 00 30	3
0d 00 6c	3
0d 00 d4	3
0d 00 de	3
0d 00 ec	3
0d 00 f8	3
0d 00 fc	3
0f 1f 40	3
0f 1f 84	3
10 01 00	3
10 40 08	3
10 57 40	3
12 48 01	3
13 00 00	3
13 00 d0	3
15 00 f0	3
18 57 40	3
18 5b 5d	3
19 00 98	3
1a 00 a0	3
1b 0c 07	3
1c 07 00	3
1d 00 00	3
20 48 89	3
20 ff ff	3
28 00 00	3
2b 00 00	3
2e 33 00	3
2e 67 6e	3
2e 73 6f	3
30 45 45	3
30 45 50	3
30 ff ff	3
31 31 5f	3
31 34 5f	3
31 45 50	3
31 5f 4d	3
31 5f 4e	3
32 4e 47	3
33 00 00	3
33 5f 45	3
33 5f 4d	3
33 5f 53	3
35 00 5f	3
38 48 89	3
38 6d 61	3
39 5f 4d	3
39 63 6f	3
3e d5 2c	3
3e e9 2c	3
40 00 be	3
40 00 e8	3
40 10 00	3
40 ff ff	3
41 00 00	3
41 4c 5f	3
41 5c 41	3
41 5c 5d	3
42 49 5f	3
43 6c 6f	3
44 65 73	3
45 31 32	3
45 31 39	3
45 38 6d	3
45 45 50	3
45 45 53	3
45 45 70	3
45 4e 39	3
45 50 46	3
45 52 53	3
45 53 31	3
45 53 34	3
45 e8 eb	3
45 f8 c9	3
47 4c 4f	3
47 4e 55	3
47 5f 4d	3
48 00 00	3
48 01 c2	3
48 01 d0	3
48 06 00	3
48 83 ea	3
48 85 db	3
48 89 01	3
48 89 9d	3
48 89 b5	3
48 8b 08	3
48 8b 12	3
48 c7 85	3
49 50 4b	3
49 53 61	3
49 54 31	3
49 54 4d	3
49 6e 69	3
4b 53 30	3
4b 53 31	3
4c 89 e2	3
4c 89 e3	3
4d 5f 64	3
4d 5f 67	3
4d 65 74	3
4e 31 32	3
4e 53 5f	3
4e 53 69	3
4e 69 74	3
4f 42 41	3
4f 70 65	3
50 f0 48	3
52 00 01	3
53 44 5f	3
53 5f 62	3
53 69 72	3
53 73 43	3
53 74 39	3
54 53 48	3
54 5f 45	3
54 70 5f	3
55 00 00	3
55 c0 48	3
55 d0 48	3
55 f8 b8	3
58 41 42	3
58 fd ff	3
59 05 00	3
5c 5d c3	3
5e 0d 40	3
5f 31 2e	3
5f 31 37	3
5f 44 61	3
5f 45 53	3
5f 49 6f	3
5f 52 65	3
5f 5f 61	3
5f 5f 64	3
5f 5f 69	3
5f 61 49	3
5f 61 75	3
5f 64 65	3
5f 69 6f	3
5f 70 74	3
5f 73 69	3
60 00 48	3
60 0e 40	3
61 49 50	3
61 62 00	3
61 64 5f	3
61 78 5f	3
63 5f 74	3
63 6b 77	3
63 6f 6d	3
63 74 49	3
63 78 61	3
64 61 74	3
64 65 73	3
65 34 49	3
65 45 52	3
65 54 61	3
65 5f 62	3
65 61 64	3
65 6e 64	3
65 6e 6d	3
65 70 74	3
65 72 54	3
65 72 65	3
65 72 73	3
65 73 00	3
67 65 74	3
67 73 53	3
67 74 68	3
69 00 00	3
69 62 63	3
69 69 69	3
69 6e 5f	3
6c 69 62	3
6c 69 6e	3
6c fd ff	3
6d 00 5f	3
6d 61 78	3
6d 6f 64	3
6e 67 73	3
6e 75 2e	3
6f 6d 70	3
6f 72 45	3
6f 73 49	3
72 00 2e	3
72 0c 07	3
72 49 54	3
72 73 45	3
72 74 00	3
73 43 31	3
73 5f 4f	3
73 5f 62	3
73 73 5f	3
73 74 61	3
74 00 5f	3
74 31 39	3
74 32 32	3
74 38 5f	3
74 38 69	3
74 5f 54	3
74 72 45	3
75 f0 5d	3
77 61 72	3
78 5f 73	3
78 63 65	3
78 78 6e	3
7c 0c 07	3
7d e8 89	3
7d f0 48	3
7d f8 00	3
7e ff ff	3
83 03 72	3
83 03 7c	3
83 05 02	3
83 6d f8	3
83 ec 20	3
83 ec 38	3
83 f0 01	3
85 00 fd	3
85 00 ff	3
85 10 fe	3
85 30 fe	3
85 50 fd	3
85 50 fe	3
85 a0 f8	3
85 db 74	3
85 e0 fc	3
89 02 48	3
89 10 5d	3
89 45 c0	3
89 51 08	3
89 55 c8	3
89 75 e4	3
89 7d f0	3
89 da 48	3
8b 10 48	3
8b 45 fc	3
8b 48 08	3
8b 55 98	3
8b 85 50	3
8b 95 58	3
8c 04 83	3
8d 03 8c	3
8d 45 b0	3
8d 50 10	3
8d 85 30	3
8e 00 00	3
90 0e 40	3
90 fe ff	3
95 58 ff	3
98 02 40	3
98 48 8b	3
b0 ff ff	3
b8 48 89	3
ba 08 00	3
bf a0 81	3
c0 0f 85	3
c0 48 8d	3
c0 84 c0	3
c1 48 8b	3
c1 e0 04	3
c3 4c 89	3
c4 28 5b	3
c4 38 5b	3
c7 45 dc	3
c7 e8 10	3
c7 e8 1a	3
c7 e8 1c	3
c7 e8 22	3
c7 e8 54	3
c7 e8 58	3
c7 e8 68	3
c7 e8 70	3
c7 e8 76	3
c7 e8 78	3
c7 e8 88	3
c7 e8 92	3
c7 e8 9a	3
c7 e8 9c	3
c7 e8 ae	3
c7 e8 c4	3
c7 e8 d2	3
c7 e8 d8	3
c7 e8 f8	3
c7 e8 fa	3
d0 02 40	3
d0 0d 40	3
d0 48 8b	3
d0 5d c3	3
d0 7d 00	3
d0 fd ff	3
d0 fe ff	3
d8 10 48	3
db 74 10	3
db ff ff	3
dd ff ff	3
e0 07 40	3
e0 48 8d	3
e0 fd ff	3
e2 48 89	3
e5 41 54	3
e5 89 7d	3
ea 00 00	3
ea 18 48	3
ea ff ff	3
ef fd ff	3
f0 48 8d	3
f0 fd ff	3
f2 ff ff	3
f8 00 00	3
f8 01 48	3
f8 04 48	3
f8 7f 60	3
f8 c7 40	3
fc 01 75	3
ff 48 85	3
ff 4c 89	3
ff 6f 02	3
ff be 4e	3
ff ff 3c	3
ff ff 42	3
ff ff 46	3
ff ff 50	3
ff ff 5d	3
ff ff 70	3
ff ff bf	3
ff ff f2	3
00 00 0d	2
00 00 45	2
00 00 4a	2
00 00 4d	2
00 00 4f	2
00 00 51	2
00 00 52	2
00 00 5d	2
00 00 62	2
00 00 6b	2
00 00 7b	2
00 00 7d	2
00 00 7f	2
00 00 81	2
00 00 82	2
00 00 83	2
00 00 8b	2
00 00 8d	2
00 00 92	2
00 00 95	2
00 00 9f	2
00 00 a2	2
00 00 ae	2
00 00 b1	2
00 00 bb	2
00 00 c1	2
00 00 c3	2
00 00 c5	2
00 00 d3	2
00 00 df	2
00 00 e5	2
00 00 e7	2
00 00 ed	2
00 00 f5	2
00 00 f9	2
00 05 00	2
00 17 40	2
00 2e 67	2
00 2e 6e	2
00 48 01	2
00 4c 8d	2
00 55 48	2
00 57 40	2
00 5f 4a	2
00 61 74	2
00 73 71	2
00 74 17	2
00 74 1a	2
00 75 1e	2
00 7f d7	2
00 83 45	2
00 84 c0	2
00 be 4e	2
00 bf 60	2
00 bf a0	2
00 e8 24	2
00 e8 b0	2
00 e8 b9	2
01 00 02	2
01 00 15	2
01 08 3d	2
01 0c 31	2
01 7a 52	2
01 89 c3	2
01 c2 48	2
01 d5 2c	2
01 d8 48	2
01 e9 2c	2
02 48 8b	2
02 4c 0c	2
02 b1 0c	2
02 bf 0c	2
03 00 04	2
04 48 83	2
05 00 02	2
05 89 2e	2
05 8e 28	2
05 92 29	2
05 b1 2e	2
05 d0 28	2
05 d4 29	2
05 e1 2d	2
05 f5 2d	2
06 02 56	2
06 02 59	2
06 02 75	2
06 48 83	2
06 50 0c	2
06 61 0c	2
06 6d 0c	2
06 6f 0c	2
06 79 0c	2
08 c9 c3	2
0a 48 89	2
0b 00 10	2
0c 3c 40	2
0d 00 0c	2
0d 00 12	2
0d 00 18	2
0d 00 21	2
0d 00 22	2
0d 00 24	2
0d 00 26	2
0d 00 28	2
0d 00 2c	2
0d 00 34	2
0d 00 36	2
0d 00 40	2
0d 00 49	2
0d 00 52	2
0d 00 5c	2
0d 00 62	2
0d 00 82	2
0d 00 8b	2
0d 00 8c	2
0d 00 96	2
0d 00 9c	2
0d 00 a4	2
0d 00 b2	2
0d 00 b6	2
0d 00 b8	2
0d 00 bc	2
0d 00 be	2
0d 00 ca	2
0d 00 d6	2
0d 00 e2	2
0d 00 ea	2
0d 00 f2	2
0e 00 04	2
0f 00 10	2
0f 10 4d	2
0f 11 45	2
0f 11 55	2
0f 11 85	2
0f 92 c0	2
0f 95 c0	2
0f fe ff	2
10 00 19	2
10 00 1a	2
10 01 1b	2
10 03 00	2
10 05 00	2
10 0e 00	2
10 48 39	2
11 00 1a	2
14 00 e8	2
14 3b 40	2
15 40 00	2
16 00 f8	2
17 48 8b	2
19 49 89	2
1a 48 89	2
1a 48 8b	2
1b eb 19	2
1c 03 00	2
1d 05 00	2
1d 19 40	2
1e 4d 40	2
1f 00 00	2
1f 80 00	2
20 34 2e	2
20 fe ff	2
23 00 00	2
24 0a 00	2
24 1a 40	2
26 3c 40	2
28 07 00	2
28 08 00	2
28 48 89	2
28 76 00	2
28 ff ff	2
29 c3 48	2
2a 00 00	2
2c 00 a5	2
2c 3a 40	2
2d 00 df	2
2e 00 00	2
2e 34 40	2
2e 36 00	2
2e 38 2e	2
2e 3b 40	2
2e 64 79	2
2e 65 68	2
2e 66 69	2
2e 69 6e	2
2e 72 65	2
30 02 00	2
30 13 40	2
30 17 40	2
30 48 89	2
30 57 40	2
30 5f 49	2
30 fe ff	2
31 05 44	2
31 2e 33	2
31 33 62	2
31 33 66	2
31 38 75	2
31 48 8b	2
31 5f 53	2
31 5f 54	2
31 66 72	2
32 32 5f	2
32 49 4c	2
33 00 5f	2
33 5f 50	2
33 65 6e	2
34 05 00	2
34 57 40	2
34 5f 45	2
34 64 61	2
34 73 40	2
34 73 69	2
35 5f 00	2
35 5f 53	2
35 5f 54	2
35 62 65	2
36 4c 40	2
36 5f 00	2
36 5f 53	2
36 72 61	2
37 00 00	2
37 5f 52	2
37 64 65	2
37 67 65	2
38 02 00	2
38 04 00	2
38 07 00	2
38 33 40	2
38 4d 40	2
38 5b 5d	2
38 5f 00	2
38 5f 44	2
38 5f 45	2
39 00 00	2
39 c2 0f	2
3d 05 00	2
3d 05 50	2
3e f6 ff	2
40 00 40	2
40 08 00	2
40 08 4c	2
40 0b 00	2
40 18 00	2
40 40 43	2
40 43 58	2
40 fd ff	2
40 fe ff	2
41 42 49	2
41 5d 41	2
41 5f 53	2
43 5f 53	2
44 00 3d	2
44 01 00	2
44 03 00	2
44 0e 00	2
44 fd ff	2
45 31 37	2
45 34 62	2
45 34 66	2
45 34 73	2
45 37 5f	2
45 37 64	2
45 45 33	2
45 45 64	2
45 4e 53	2
45 50 4b	2
45 52 64	2
45 53 35	2
45 53 37	2
45 54 31	2
45 6d 00	2
45 6d 50	2
45 6d 6d	2
45 70 70	2
45 76 54	2
45 d0 f2	2
45 e8 73	2
45 e8 77	2
45 f0 0f	2
45 f8 eb	2
47 43 43	2
48 07 00	2
48 10 48	2
48 29 c3	2
48 2d a0	2
48 34 40	2
48 39 c3	2
48 3b 40	2
48 81 ec	2
48 83 6d	2
48 85 c0	2
48 89 0a	2
48 8b 18	2
48 8b 75	2
48 8b 8d	2
48 8d 58	2
48 b8 ff	2
48 c7 00	2
48 c7 40	2
48 c7 45	2
48 ff ff	2
49 4e 39	2
49 53 35	2
49 54 30	2
49 5f 31	2
49 5f 5f	2
49 74 65	2
4a 76 5f	2
4b 53 61	2
4b 54 5f	2
4b 63 00	2
4b 63 53	2
4c 8d 60	2
4c 8d 68	2
4c fd ff	2
4d 5f 63	2
4d 5f 72	2
4d 69 74	2
4e 44 5f	2
50 00 65	2
50 08 eb	2
50 10 48	2
50 53 31	2
50 54 5f	2
52 05 00	2
52 4b 4e	2
52 4b 54	2
52 4b 64	2
52 53 33	2
52 53 62	2
52 54 5f	2
52 57 40	2
53 00 00	2
53 30 5f	2
53 36 5f	2
53 37 5f	2
53 42 5f	2
53 43 5f	2
53 5f 31	2
53 5f 45	2
53 6f 53	2
53 6f 6c	2
53 73 00	2
53 73 31	2
53 74 33	2
53 74 37	2
54 02 00	2
54 03 00	2
54 5f 00	2
54 5f 52	2
55 b8 48	2
55 c8 48	2
55 d8 c6	2
55 f8 48	2
55 fc 8b	2
56 0c 07	2
58 58 41	2
58 c1 f2	2
58 e0 48	2
59 0c 07	2
5a 00 00	2
5a 05 00	2
5a 31 31	2
5c 0a 00	2
5c 41 5d	2
5d 5d c3	2
5e 17 00	2
5f 43 6f	2
5f 45 40	2
5f 45 4e	2
5f 46 6d	2
5f 49 74	2
5f 50 53	2
5f 53 43	2
5f 5a 64	2
5f 5a 6e	2
5f 5f 6c	2
5f 5f 6d	2
5f 5f 73	2
5f 5f 74	2
5f 61 32	2
5f 61 64	2
5f 61 72	2
5f 62 65	2
5f 63 68	2
5f 63 72	2
5f 64 75	2
5f 66 69	2
5f 67 78	2
5f 69 6d	2
5f 6b 65	2
5f 6c 65	2
5f 6c 69	2
5f 6d 61	2
5f 6e 69	2
5f 6f 66	2
5f 6f 73	2
5f 70 65	2
5f 74 68	2
5f 76 30	2
60 48 89	2
60 f0 48	2
60 fe ff	2
61 00 2e	2
61 45 76	2
61 49 4c	2
61 53 45	2
61 5f 72	2
61 63 63	2
61 63 74	2
61 67 73	2
61 69 6e	2
61 6d 65	2
61 6e 64	2
61 72 74	2
61 79 5f	2
62 49 53	2
62 5f 49	2
62 63 5f	2
62 6c 65	2
62 73 74	2
63 45 43	2
63 45 44	2
63 52 4b	2
63 5f 63	2
63 5f 6f	2
63 63 5f	2
63 65 73	2
63 68 00	2
63 68 40	2
63 6c 6f	2
63 6f 75	2
63 73 75	2
63 74 45	2
64 16 00	2
64 64 64	2
64 64 72	2
64 65 40	2
64 65 45	2
64 69 73	2
64 6c 50	2
64 6f 6d	2
64 79 6e	2
65 00 2e	2
65 05 00	2
65 45 6d	2
65 53 35	2
65 5f 69	2
65 64 20	2
65 64 69	2
65 6c 61	2
65 6e 45	2
65 6e 74	2
65 72 74	2
65 74 6c	2
65 79 5f	2
66 45 50	2
66 61 69	2
66 6c 61	2
66 72 61	2
66 f8 ff	2
67 6d 6f	2
68 00 00	2
68 06 00	2
68 07 00	2
68 08 00	2
68 08 bf	2
68 0d 00	2
68 13 00	2
68 14 00	2
68 5f 66	2
68 72 65	2
68 72 6f	2
68 e2 ff	2
68 fa ff	2
68 fe ff	2
69 00 5f	2
69 09 00	2
69 66 5f	2
69 6c 45	2
69 6e 45	2
69 6f 6e	2
69 73 5f	2
69 74 00	2
69 74 43	2
69 74 5f	2
6c 43 32	2
6c 46 40	2
6c 61 73	2
6c 65 6e	2
6c 69 74	2
6c 6f 6e	2
6c 73 45	2
6c ff ff	2
6d 40 40	2
6d 50 4b	2
6d 5f 61	2
6d 5f 73	2
6d 63 6d	2
6d 65 5f	2
6d 65 6d	2
6d 69 49	2
6d 69 74	2
6d 70 6c	2
6d 74 66	2
6d e0 10	2
6e 45 76	2
6e 61 6c	2
6e 63 65	2
6e 64 45	2
6e 64 6c	2
6e 67 49	2
6e 69 00	2
6e 6f 74	2
6e 73 65	2
6e 77 6d	2
6f 65 78	2
6f 66 49	2
6f 70 65	2
6f 73 74	2
6f 77 5f	2
6f 79 45	2
70 65 45	2
70 65 6e	2
70 6c 74	2
70 74 45	2
71 72 74	2
72 43 6c	2
72 45 76	2
72 53 74	2
72 61 6d	2
72 64 49	2
72 65 73	2
72 65 74	2
72 6f 6d	2
72 72 61	2
72 74 61	2
72 de ff	2
73 00 00	2
73 0e 48	2
73 36 73	2
73 40 40	2
73 44 31	2
73 45 52	2
73 50 46	2
73 53 5f	2
73 53 74	2
73 6f 2e	2
73 6f 6e	2
73 73 65	2
73 73 6f	2
73 74 5f	2
73 79 6d	2
74 02 40	2
74 0c 48	2
74 11 48	2
74 31 30	2
74 32 36	2
74 33 34	2
74 34 63	2
74 40 40	2
74 5f 63	2
74 61 43	2
74 61 44	2
74 61 45	2
74 61 67	2
74 61 6e	2
74 64 04	2
74 65 2e	2
74 65 5f	2
74 69 6f	2
74 69 76	2
74 6f 69	2
74 72 75	2
74 79 5f	2
74 79 70	2
75 07 b8	2
75 0c 07	2
75 1a 69	2
75 27 81	2
75 63 74	2
75 6d 6d	2
75 c0 48	2
75 e0 c7	2
75 f8 83	2
76 40 00	2
76 50 54	2
77 12 48	2
78 57 00	2
78 69 74	2
78 78 5f	2
78 78 6d	2
78 f5 ff	2
78 f6 ff	2
78 ff ff	2
79 00 2e	2
79 0c 07	2
79 49 4c	2
79 49 4e	2
79 5f 61	2
79 5f 65	2
79 6e 73	2
7d 05 00	2
7d d0 48	2
7d f8 89	2
7d fc 89	2
7e 38 40	2
7e e2 ff	2
80 04 00	2
80 ff ff	2
81 7d f8	2
81 c4 98	2
82 01 00	2
82 60 00	2
83 03 79	2
83 04 03	2
83 45 d8	2
83 45 e8	2
83 45 f8	2
83 6d d8	2
83 7d a4	2
83 7d dc	2
83 7d fc	2
83 c4 38	2
83 ec 28	2
83 ec 30	2
83 ec 60	2
84 01 00	2
85 0f fe	2
85 20 fe	2
85 40 fe	2
85 58 fd	2
85 60 fd	2
85 60 fe	2
85 6c fd	2
85 80 f6	2
85 b0 fd	2
85 c0 74	2
85 de fd	2
85 ee fd	2
85 fe fd	2
86 0a 00	2
88 40 40	2
89 10 48	2
89 45 d0	2
89 50 10	2
89 55 98	2
89 55 e8	2
89 75 a0	2
89 75 f4	2
89 75 f8	2
89 7d a8	2
89 7d fc	2
89 95 68	2
89 bd 78	2
89 c1 48	2
89 c3 e8	2
89 c5 4c	2
89 c6 48	2
89 c6 bf	2
89 d6 89	2
89 d8 eb	2
89 e6 bf	2
89 e8 48	2
89 ea 4c	2
8b 45 b8	2
8b 4d a8	2
8b 4d b0	2
8b 4d e0	2
8b 55 d0	2
8b 85 78	2
8b 95 78	2
8c 51 40	2
8c f6 ff	2
8d 55 c0	2
8d 55 d0	2
8d 70 fe	2
8d 85 60	2
8d 85 cf	2
8d 85 df	2
8d 85 ef	2
8d 85 ff	2
8d 95 20	2
8e 02 00	2
90 01 00	2
90 f6 ff	2
92 c0 84	2
95 20 fd	2
95 68 fe	2
95 c0 48	2
98 48 89	2
98 48 8d	2
99 00 00	2
9a 00 00	2
9c 4d 40	2
9c 81 00	2
9c 81 60	2
9d 38 ff	2
a1 e2 ff	2
a4 0d 00	2
a4 0e 00	2
a8 07 00	2
a8 48 8d	2
aa 36 40	2
aa 46 40	2
ac 0b 00	2
ad 00 00	2
ae 34 40	2
b0 48 8b	2
b0 48 8d	2
b0 fa ff	2
b4 09 00	2
b4 82 60	2
b5 70 fe	2
b6 4d 40	2
b8 01 00	2
b8 53 40	2
b8 82 60	2
ba 45 40	2
ba 50 40	2
ba e1 ff	2
be 01 00	2
be 51 40	2
be 52 57	2
be e2 ff	2
bf 01 00	2
bf 31 40	2
c0 48 8b	2
c0 74 05	2
c0 c0 ff	2
c0 f2 0f	2
c0 ff ff	2
c2 0f 92	2
c2 74 31	2
c2 e2 ff	2
c3 00 00	2
c3 0f 95	2
c3 48 85	2
c3 48 89	2
c4 07 00	2
c4 ff ff	2
c6 00 00	2
c6 45 ff	2
c6 e4 ff	2
c7 00 00	2
c7 40 08	2
c7 40 10	2
c7 45 f8	2
c7 45 fc	2
c7 e8 04	2
c7 e8 0a	2
c7 e8 0c	2
c7 e8 0e	2
c7 e8 12	2
c7 e8 14	2
c7 e8 16	2
c7 e8 1e	2
c7 e8 24	2
c7 e8 26	2
c7 e8 28	2
c7 e8 32	2
c7 e8 38	2
c7 e8 46	2
c7 e8 4c	2
c7 e8 52	2
c7 e8 56	2
c7 e8 5c	2
c7 e8 62	2
c7 e8 72	2
c7 e8 7a	2
c7 e8 7c	2
c7 e8 80	2
c7 e8 84	2
c7 e8 94	2
c7 e8 98	2
c7 e8 a0	2
c7 e8 a4	2
c7 e8 a6	2
c7 e8 b9	2
c7 e8 ba	2
c7 e8 de	2
c7 e8 e4	2
c7 e8 e8	2
c7 e8 f4	2
c7 e8 f6	2
c7 e8 fe	2
c8 00 00	2
c8 07 00	2
c8 34 40	2
c8 48 8b	2
ca 44 40	2
cc 0b 00	2
cf fd ff	2
d0 48 01	2
d0 5c 40	2
d0 f2 0f	2
d0 fc ff	2
d0 ff ff	2
d2 00 00	2
d2 6c 20	2
d4 06 00	2
d4 4c 40	2
d5 2c 00	2
d5 ff ff	2
d7 00 00	2
d7 48 8b	2
d8 c9 c3	2
dc 00 00	2
dc 11 00	2
de fd ff	2
df fd ff	2
df ff ff	2
e0 15 40	2
e0 16 40	2
e0 fc ff	2
e0 fe ff	2
e0 ff ff	2
e2 ff ff	2
e4 48 8b	2
e5 be ff	2
e5 ff ff	2
e8 00 00	2
e8 06 00	2
e8 10 48	2
e8 48 83	2
e8 51 0a	2
e8 6d ff	2
e8 79 07	2
e8 a5 e3	2
e8 fe ff	2
e8 ff ff	2
e9 2c 00	2
ea 3a 40	2
eb 04 48	2
eb 1d 48	2
eb ff ff	2
ec 02 00	2
ec 05 00	2
ec 08 48	2
ec 10 89	2
ec 17 40	2
ec 28 48	2
ec 38 48	2
ec 98 01	2
ec ff ff	2
ed 04 00	2
ed ff ff	2
ee fd ff	2
f0 5d c3	2
f0 ba 00	2
f0 fe ff	2
f2 0f 58	2
f2 3b 40	2
f4 03 00	2
f7 04 00	2
f8 01 00	2
f8 04 5d	2
f8 45 40	2
f8 5d c3	2
f8 7d 00	2
f8 8b 55	2
f8 c9 c3	2
f8 eb 25	2
f9 02 00	2
fc 01 00	2
fc 3c 40	2
fc 89 75	2
fe fd ff	2
ff 00 48	2
ff 0f 1f	2
ff 0f 5d	2
ff 25 5a	2
ff 25 62	2
ff 25 6a	2
ff 25 72	2
ff 25 7a	2
ff 25 82	2
ff 25 8a	2
ff 25 92	2
ff 25 9a	2
ff 25 a2	2
ff 25 aa	2
ff 25 b2	2
ff 25 ba	2
ff 25 c2	2
ff 25 ca	2
ff 25 d2	2
ff 48 81	2
ff 48 c7	2
ff ba 00	2
ff ba 18	2
ff be 00	2
ff be 30	2
ff be 34	2
ff be 52	2
ff be b0	2
ff eb 1b	2
ff f2 0f	2
ff fd ff	2
ff ff 15	2
ff ff 26	2
ff ff 32	2
ff ff 34	2
ff ff 3e	2
ff ff 43	2
ff ff 49	2
ff ff 5b	2
ff ff 71	2
ff ff 7a	2
ff ff bb	2
00 00 2a	1
00 00 39	1
00 00 5f	1
00 00 63	1
00 00 6f	1
00 00 77	1
00 00 87	1
00 00 91	1
00 00 93	1
00 00 9e	1
00 00 ab	1
00 00 ad	1
00 00 b2	1
00 00 b5	1
00 00 bd	1
00 00 ca	1
00 00 cb	1
00 00 d5	1
00 00 e1	1
00 00 e3	1
00 00 e9	1
00 00 ee	1
00 00 f3	1
00 01 00	1
00 01 f3	1
00 03 00	1
00 03 1b	1
00 0d 00	1
00 0e 10	1
00 10 00	1
00 13 00	1
00 18 00	1
00 18 40	1
00 19 00	1
00 1a 00	1
00 2e 63	1
00 2e 64	1
00 2e 69	1
00 38 05	1
00 3f 1a	1
00 40 48	1
00 41 bc	1
00 42 0e	1
00 47 4c	1
00 48 39	1
00 53 2c	1
00 5b 41	1
00 5f 44	1
00 5f 55	1
00 5f 65	1
00 5f 66	1
00 5f 73	1
00 63 6f	1
00 63 72	1
00 64 65	1
00 65 78	1
00 66 72	1
00 6b 05	1
00 70 6f	1
00 75 0a	1
00 75 11	1
00 75 14	1
00 75 23	1
00 7d 0a	1
00 7e ed	1
00 7f d4	1
00 80 00	1
00 81 60	1
00 87 14	1
00 88 0a	1
00 8b 45	1
00 8b 55	1
00 8e 01	1
00 9e 05	1
00 a1 01	1
00 a3 21	1
00 a4 20	1
00 aa 01	1
00 ae 01	1
00 af 01	1
00 bb 00	1
00 be 01	1
00 be 02	1
00 c6 ff	1
00 c9 2e	1
00 c9 ff	1
00 cc 17	1
00 cd 0d	1
00 d1 01	1
00 d3 ff	1
00 db 17	1
00 dc 0d	1
00 dc ff	1
00 e8 2a	1
00 e8 30	1
00 e8 34	1
00 e8 84	1
00 e8 8e	1
00 e8 9f	1
00 e9 eb	1
00 eb 14	1
00 eb 1a	1
00 eb 22	1
00 f2 0f	1
00 f2 ff	1
00 fa ff	1
00 fb 04	1
00 ff e0	1
00 ff e2	1
01 00 0f	1
01 00 11	1
01 00 13	1
01 00 14	1
01 00 16	1
01 00 18	1
01 00 1d	1
01 00 38	1
01 00 8e	1
01 00 ed	1
01 01 81	1
01 03 00	1
01 05 73	1
01 08 36	1
01 08 38	1
01 08 3c	1
01 0e 48	1
01 13 3a	1
01 19 00	1
01 1b 03	1
01 20 f6	1
01 28 00	1
01 32 40	1
01 48 39	1
01 5e 00	1
01 62 05	1
01 75 10	1
01 7a 50	1
01 7c 00	1
01 84 c0	1
01 86 04	1
01 bf 03	1
02 00 01	1
02 00 05	1
02 00 06	1
02 00 3e	1
02 00 54	1
02 00 71	1
02 01 01	1
02 0c 07	1
02 22 00	1
02 54 0c	1
02 54 40	1
02 57 0c	1
02 5d c3	1
02 6c 20	1
02 78 0c	1
02 84 0c	1
02 a3 0c	1
02 b0 0c	1
02 bc 0c	1
03 00 01	1
03 00 03	1
03 00 05	1
03 00 06	1
03 00 07	1
03 00 08	1
03 00 09	1
03 00 0a	1
03 00 0b	1
03 00 0c	1
03 00 0d	1
03 00 0e	1
03 00 0f	1
03 00 10	1
03 00 11	1
03 00 12	1
03 00 13	1
03 00 14	1
03 00 15	1
03 00 16	1
03 00 17	1
03 00 18	1
03 00 19	1
03 00 1a	1
03 00 1b	1
03 00 5a	1
03 00 74	1
03 0c 07	1
03 10 03	1
03 29 05	1
03 3b 54	1
03 45 0e	1
03 4b 17	1
03 d5 2c	1
03 e0 15	1
03 ed 02	1
04 00 01	1
04 00 66	1
04 00 98	1
04 01 00	1
04 02 00	1
04 04 76	1
04 05 00	1
04 08 00	1
04 08 75	1
04 0e 00	1
04 0f 00	1
04 15 00	1
04 18 00	1
04 18 75	1
04 1c 76	1
04 2f 75	1
04 34 73	1
04 3a 00	1
04 46 75	1
04 48 8b	1
04 57 00	1
04 58 75	1
04 64 75	1
04 70 75	1
04 74 15	1
04 a8 75	1
04 d0 75	1
04 d6 ff	1
04 d8 ff	1
04 dc 75	1
04 de ff	1
04 e7 ff	1
04 e8 75	1
04 f8 74	1
05 00 01	1
05 00 5a	1
05 00 d0	1
05 01 fd	1
05 05 00	1
05 08 00	1
05 2d 00	1
05 2e 00	1
05 48 0e	1
05 67 01	1
05 81 2c	1
05 84 2b	1
05 86 01	1
05 91 2a	1
05 91 2d	1
05 95 2c	1
05 9b 2b	1
05 9d 2e	1
05 a5 28	1
05 a5 2d	1
05 a9 29	1
05 a9 2c	1
05 ae 2b	1
05 b6 6b	1
05 b9 2d	1
05 bc 28	1
05 bf 2a	1
05 c0 29	1
05 c1 2c	1
05 cd 2d	1
05 d5 2c	1
05 d6 2a	1
05 d9 2b	1
05 dd 6c	1
05 e3 27	1
05 e7 28	1
05 e8 92	1
05 e8 9a	1
05 e9 2c	1
05 eb 29	1
05 ed 2a	1
05 ed 2b	1
05 fa 27	1
05 fd 2c	1
05 fe 28	1
05 fe 29	1
06 00 05	1
06 00 52	1
06 00 e0	1
06 01 00	1
06 02 43	1
06 02 4e	1
06 02 50	1
06 02 55	1
06 02 b7	1
06 02 e5	1
06 14 40	1
06 15 40	1
06 16 40	1
06 1e 00	1
06 2a 00	1
06 3b 40	1
06 41 0c	1
06 48 8b	1
06 4d 0c	1
06 4e 8e	1
06 53 0c	1
06 58 0c	1
06 59 0c	1
06 5b 0c	1
06 63 0c	1
06 66 0c	1
06 6a 0c	1
06 6b 0c	1
06 70 0c	1
06 72 0c	1
06 74 0c	1
06 7c 0c	1
06 e1 ff	1
06 f5 ff	1
06 fd ff	1
07 00 5e	1
07 01 00	1
07 02 00	1
07 05 00	1
07 10 14	1
07 4d 0e	1
07 bf ff	1
08 00 14	1
08 00 d0	1
08 03 00	1
08 06 00	1
08 07 00	1
08 08 00	1
08 0a 00	1
08 14 00	1
08 48 83	1
08 48 89	1
08 5d c3	1
08 80 00	1
08 81 60	1
08 b8 00	1
08 c3 00	1
08 e2 ff	1
08 e9 1e	1
08 eb 1a	1
09 00 40	1
09 00 60	1
09 10 00	1
09 d3 ff	1
0a 00 90	1
0a 04 00	1
0a 4e 40	1
0a 54 00	1
0a 6c 20	1
0a bf 00	1
0a da ff	1
0a de ff	1
0a e0 ff	1
0a f7 ff	1
0a fa 01	1
0a fb ff	1
0b 2a 00	1
0b 77 08	1
0c 00 30	1
0c 01 00	1
0c 02 48	1
0c 10 00	1
0c 29 00	1
0c 35 05	1
0c 43 79	1
0c db ff	1
0c f9 ff	1
0c fa ff	1
0d 00 01	1
0d 00 02	1
0d 00 06	1
0d 00 0a	1
0d 00 10	1
0d 00 13	1
0d 00 1c	1
0d 00 1d	1
0d 00 20	1
0d 00 2d	1
0d 00 32	1
0d 00 35	1
0d 00 3c	1
0d 00 3f	1
0d 00 41	1
0d 00 42	1
0d 00 46	1
0d 00 4a	1
0d 00 56	1
0d 00 57	1
0d 00 58	1
0d 00 5e	1
0d 00 60	1
0d 00 63	1
0d 00 64	1
0d 00 66	1
0d 00 67	1
0d 00 6e	1
0d 00 70	1
0d 00 78	1
0d 00 84	1
0d 00 87	1
0d 00 89	1
0d 00 90	1
0d 00 97	1
0d 00 98	1
0d 00 99	1
0d 00 a0	1
0d 00 a1	1
0d 00 a5	1
0d 00 a6	1
0d 00 a9	1
0d 00 ab	1
0d 00 b3	1
0d 00 b9	1
0d 00 bf	1
0d 00 c0	1
0d 00 c1	1
0d 00 c4	1
0d 00 c6	1
0d 00 ce	1
0d 00 cf	1
0d 00 d9	1
0d 00 da	1
0d 00 df	1
0d 00 e4	1
0d 00 e8	1
0d 00 eb	1
0d 00 ee	1
0d 00 f6	1
0d 00 f9	1
0d 00 fe	1
0d 05 a8	1
0d c1 01	1
0e 05 00	1
0e 10 42	1
0e 10 8f	1
0e 18 4a	1
0e 20 42	1
0e 20 8d	1
0e 2f 00	1
0e 30 41	1
0e 30 86	1
0e 40 6c	1
0e 48 8b	1
0e e6 ff	1
0e f1 ff	1
0e fc ff	1
0f 00 18	1
0f 00 70	1
0f 02 00	1
0f 10 10	1
0f 10 45	1
0f 10 55	1
0f 11 65	1
0f 11 75	1
0f 2a c0	1
0f 58 c1	1
0f 64 05	1
0f 84 99	1
0f 84 a2	1
0f 84 ab	1
0f 85 13	1
0f 85 6b	1
0f 85 9a	1
0f 85 c6	1
0f f0 ff	1
0f fd 2c	1
10 00 21	1
10 00 78	1
10 02 00	1
10 07 03	1
10 11 00	1
10 13 00	1
10 15 00	1
10 31 00	1
10 45 d0	1
10 46 0e	1
10 48 8d	1
10 4d d0	1
10 4d f8	1
10 57 00	1
10 81 60	1
10 b6 ff	1
10 c9 c3	1
10 cb ff	1
10 de ff	1
10 df ff	1
10 e9 9d	1
10 e9 ff	1
10 ed ff	1
10 f2 0f	1
10 f7 ff	1
10 f9 ff	1
10 fe ff	1
10 ff ff	1
11 00 0f	1
11 00 30	1
11 00 d0	1
11 01 00	1
11 02 0f	1
11 02 19	1
11 1a 00	1
11 2c 00	1
11 32 00	1
11 45 b8	1
11 45 c0	1
11 45 d0	1
11 4d d0	1
11 55 48	1
11 5d c0	1
11 6d b0	1
11 85 50	1
11 ee ff	1
12 00 0b	1
12 00 0e	1
12 00 34	1
12 06 00	1
12 0a 00	1
12 46 40	1
12 48 8b	1
12 53 40	1
12 6c 20	1
12 fa ff	1
13 00 e8	1
13 03 00	1
13 0e 00	1
13 32 40	1
13 3a 05	1
13 e2 ff	1
13 f4 ff	1
13 fb ff	1
13 fd ff	1
14 01 00	1
14 02 00	1
14 04 00	1
14 05 00	1
14 09 00	1
14 0c 00	1
14 11 00	1
14 48 8d	1
14 56 40	1
14 8b 85	1
14 98 0c	1
14 e0 ff	1
14 e1 ff	1
14 fa 01	1
14 fa ff	1
15 01 0c	1
15 27 00	1
15 e8 e8	1
16 00 00	1
16 01 00	1
16 14 40	1
16 15 40	1
16 16 40	1
16 28 00	1
16 33 00	1
16 de ff	1
16 e4 ff	1
16 e6 ff	1
16 f0 8b	1
16 ff ff	1
17 00 00	1
17 00 f8	1
17 03 00	1
17 05 c5	1
17 0c 07	1
17 13 00	1
17 48 89	1
17 c1 01	1
18 07 00	1
18 09 00	1
18 0b 00	1
18 0c 00	1
18 0f 00	1
18 12 00	1
18 16 00	1
18 1b 00	1
18 23 00	1
18 42 0e	1
18 4c 40	1
18 4f 40	1
18 5b 41	1
18 80 60	1
18 81 60	1
18 89 45	1
18 89 c6	1
18 8e 03	1
18 d3 ff	1
18 ff ff	1
19 00 9c	1
19 00 a0	1
19 01 0f	1
19 03 00	1
19 e2 ff	1
1a 00 9c	1
1a 00 b0	1
1a 00 b4	1
1a 00 b8	1
1a 00 c0	1
1a 01 00	1
1a 04 00	1
1a 0f 00	1
1a 3b 2a	1
1a 6c 20	1
1a df ff	1
1a f5 ff	1
1b 02 00	1
1b 11 00	1
1b 16 00	1
1b 18 00	1
1b 19 00	1
1b aa 01	1
1c 00 06	1
1c 0a 00	1
1c 0b 00	1
1c 0d 00	1
1c 12 00	1
1c 13 00	1
1c 14 00	1
1c 16 00	1
1c 44 40	1
1c e7 ff	1
1d 03 00	1
1d 1c 00	1
1e 02 00	1
1e 1a 40	1
1e 47 40	1
1e bf b4	1
1e bf b8	1
1e c1 ff	1
1e df ff	1
1e ef ff	1
1e f0 ff	1
1e fa ff	1
1f 00 1c	1
1f 00 55	1
1f 00 e9	1
1f 01 00	1
1f 84 db	1
1f e0 ff	1
1f f2 ff	1
20 00 0f	1
20 00 19	1
20 00 3a	1
20 00 53	1
20 00 55	1
20 00 ff	1
20 01 00	1
20 0d 00	1
20 10 00	1
20 17 00	1
20 18 00	1
20 19 00	1
20 1a 00	1
20 28 47	1
20 29 00	1
20 2a b9	1
20 32 30	1
20 48 61	1
20 48 8b	1
20 50 40	1
20 5b 41	1
20 74 6f	1
20 80 60	1
20 81 60	1
20 e5 ff	1
21 00 00	1
21 01 10	1
21 2d 00	1
21 32 40	1
21 52 40	1
21 d3 03	1
21 fb ff	1
21 fd f4	1
22 02 00	1
22 05 00	1
22 14 00	1
22 48 8b	1
22 54 40	1
22 56 40	1
22 6c 20	1
22 e5 ff	1
23 03 00	1
23 26 00	1
23 48 8b	1
24 01 00	1
24 02 00	1
24 06 00	1
24 08 00	1
24 0e 00	1
24 0f 00	1
24 15 00	1
24 22 00	1
24 25 00	1
24 49 40	1
24 83 7d	1
24 ea ff	1
24 eb ff	1
24 f6 ff	1
25 01 1b	1
25 0a 00	1
25 48 83	1
25 48 8b	1
25 e1 ff	1
26 03 00	1
26 06 00	1
26 14 40	1
26 15 40	1
26 16 40	1
26 1e 00	1
26 d3 ff	1
26 e1 ff	1
26 eb ff	1
27 00 00	1
27 00 b9	1
27 00 e1	1
27 02 00	1
27 05 00	1
28 00 99	1
28 00 9c	1
28 00 b8	1
28 00 d2	1
28 00 d5	1
28 00 ee	1
28 00 f1	1
28 00 fd	1
28 04 00	1
28 05 86	1
28 06 00	1
28 12 00	1
28 13 00	1
28 14 00	1
28 19 00	1
28 1d 00	1
28 27 20	1
28 31 00	1
28 39 40	1
28 42 0e	1
28 45 40	1
28 45 d5	1
28 48 8b	1
28 52 65	1
28 5b 5d	1
28 80 60	1
28 81 60	1
28 8c 05	1
28 c2 48	1
28 d6 ff	1
28 de ff	1
29 00 8a	1
29 00 8d	1
29 00 a6	1
29 00 b5	1
29 00 c2	1
29 00 d3	1
29 00 d4	1
29 00 f4	1
29 03 00	1
29 15 00	1
29 2a 00	1
29 dc ff	1
29 e5 31	1
2a 00 8c	1
2a 00 a6	1
2a 00 aa	1
2a 00 c0	1
2a 02 00	1
2a 0c 00	1
2a 33 24	1
2a 6c 20	1
2a c0 f2	1
2a f0 ff	1
2b 00 a5	1
2b 00 a9	1
2b 00 bf	1
2b 00 f2	1
2b 00 f6	1
2b 17 00	1
2b 27 00	1
2b 2b 2e	1
2b 32 00	1
2b 4e 2c	1
2b e1 ff	1
2c 00 3b	1
2c 00 80	1
2c 00 8b	1
2c 00 96	1
2c 00 97	1
2c 00 9a	1
2c 00 9b	1
2c 00 b0	1
2c 00 b1	1
2c 00 b4	1
2c 00 c3	1
2c 00 d2	1
2c 00 d5	1
2c 00 d6	1
2c 00 d7	1
2c 00 e2	1
2c 00 e3	1
2c 00 f1	1
2c 00 f5	1
2c 00 fc	1
2c 00 fd	1
2c 01 00	1
2c 0e 00	1
2c 10 00	1
2c 97 01	1
2c e9 ff	1
2c fa ff	1
2d 00 80	1
2d 00 97	1
2d 00 bb	1
2d 00 e1	1
2d 00 f0	1
2d 00 ff	1
2d 06 00	1
2d 09 00	1
2d 35 40	1
2d 37 29	1
2d 69 64	1
2d 74 61	1
2d f4 ff	1
2e 00 47	1
2e 00 83	1
2e 00 a7	1
2e 00 cb	1
2e 00 d0	1
2e 03 00	1
2e 05 00	1
2e 28 00	1
2e 30 00	1
2e 33 20	1
2e 33 2d	1
2e 36 33	1
2e 41 42	1
2e 62 73	1
2e 62 75	1
2e 62 79	1
2e 63 70	1
2e 64 61	1
2e 67 63	1
2e 67 6f	1
2e 68 61	1
2e 6a 63	1
2e 6e 67	1
2e 72 6f	1
2e 74 65	1
2e 76 65	1
2e e5 ff	1
2e ef ff	1
2f 05 00	1
2f 20 00	1
2f 49 89	1
2f 6c 64	1
2f 6c 69	1
2f d3 ff	1
30 00 47	1
30 00 5f	1
30 0a 00	1
30 0e 00	1
30 11 00	1
30 13 00	1
30 15 00	1
30 31 34	1
30 40 40	1
30 45 4c	1
30 45 4e	1
30 45 53	1
30 48 8b	1
30 54 40	1
30 64 65	1
30 70 72	1
30 73 40	1
30 80 60	1
30 81 60	1
30 a8 00	1
30 d0 ff	1
30 d3 ff	1
30 df ff	1
30 e1 ff	1
30 f0 ff	1
30 f8 ff	1
31 00 5f	1
31 20 28	1
31 30 63	1
31 30 64	1
31 33 63	1
31 35 64	1
31 38 5f	1
31 39 5f	1
31 39 62	1
31 45 45	1
31 45 6d	1
31 db 48	1
31 ed 49	1
31 f1 ff	1
32 00 04	1
32 0e 00	1
32 33 5f	1
32 36 63	1
32 36 72	1
32 3d 40	1
32 5f 44	1
32 5f 4d	1
32 5f 52	1
32 5f 6d	1
32 6c 20	1
32 df ff	1
32 ed ff	1
32 ef ff	1
32 f7 ff	1
33 05 00	1
33 18 00	1
33 2e 30	1
33 33 38	1
33 48 89	1
33 63 6f	1
33 64 65	1
33 69 74	1
33 6d 61	1
33 70 6f	1
33 e0 ff	1
34 00 6d	1
34 09 00	1
34 0c 00	1
34 11 00	1
34 19 40	1
34 2f 00	1
34 30 39	1
34 49 6e	1
34 4b 40	1
34 5f 00	1
34 5f 52	1
34 63 6f	1
34 65 6e	1
34 65 78	1
34 73 00	1
34 ec ff	1
35 00 43	1
35 01 2b	1
35 11 00	1
35 32 40	1
35 5f 50	1
35 63 5f	1
35 63 6c	1
35 64 69	1
35 65 72	1
35 70 72	1
35 be 3e	1
36 00 00	1
36 00 5f	1
36 04 00	1
36 05 3d	1
36 14 40	1
36 15 40	1
36 16 40	1
36 24 00	1
36 2d 36	1
36 34 2e	1
36 34 2f	1
36 5f 40	1
36 5f 5f	1
36 63 6f	1
36 c4 ff	1
36 d3 ff	1
36 dd ff	1
36 e1 ff	1
36 ed ff	1
37 01 00	1
37 14 00	1
37 26 00	1
37 5f 4d	1
37 63 6f	1
37 69 73	1
37 72 65	1
37 8e 28	1
38 00 09	1
38 00 5f	1
38 05 41	1
38 09 00	1
38 0c 00	1
38 0f 00	1
38 12 00	1
38 16 00	1
38 18 40	1
38 1b 00	1
38 27 20	1
38 41 0e	1
38 48 8b	1
38 5f 5f	1
38 61 6c	1
38 75 6e	1
38 80 60	1
38 81 60	1
38 83 07	1
38 de ff	1
38 e0 ff	1
38 ff ff	1
39 0d 00	1
39 31 31	1
39 48 8b	1
39 5f 00	1
39 70 75	1
39 c3 0f	1
39 c3 75	1
39 eb 75	1
3a 00 00	1
3a 00 2c	1
3a 05 00	1
3a 0a 00	1
3a 0e 00	1
3a 30 00	1
3a 3a 5f	1
3a 6c 20	1
3a db ff	1
3a e9 ff	1
3b 00 76	1
3b 05 00	1
3b 31 00	1
3b 45 d0	1
3b 45 f0	1
3b d4 ff	1
3b fb ff	1
3c 04 00	1
3c 05 45	1
3c 07 00	1
3c 0a 00	1
3c 0b 00	1
3c 0d 00	1
3c 12 00	1
3c 13 00	1
3c 14 00	1
3c 52 40	1
3c d3 ff	1
3c fa ff	1
3d 00 52	1
3d e8 66	1
3e 00 01	1
3e 1a 00	1
3e 1b 00	1
3e 23 00	1
3e 3e 03	1
3e 57 40	1
3e f7 ff	1
3f 07 00	1
3f 10 00	1
3f 20 00	1
3f 25 00	1
3f 53 40	1
40 00 1f	1
40 00 38	1
40 00 b8	1
40 00 bf	1
40 00 ff	1
40 05 00	1
40 0e 00	1
40 16 00	1
40 17 00	1
40 19 00	1
40 1a 00	1
40 1f 00	1
40 47 43	1
40 5b 41	1
40 80 60	1
40 81 60	1
40 e7 ff	1
40 fc ff	1
41 00 55	1
41 02 00	1
41 0e 28	1
41 54 40	1
41 55 49	1
41 56 41	1
41 57 41	1
41 5d 5d	1
41 5e 41	1
41 5e 5d	1
41 5f c3	1
41 89 ff	1
41 bc 01	1
41 d3 ff	1
41 f3 ff	1
42 08 c9	1
42 0e 08	1
42 0e 18	1
42 20 48	1
42 30 48	1
42 40 48	1
42 49 2d	1
42 4c 45	1
42 4d 40	1
42 50 5d	1
42 6c 20	1
42 e4 ff	1
42 ee ff	1
42 f8 ff	1
42 f9 ff	1
43 00 64	1
43 04 00	1
43 0c 07	1
43 3a 20	1
43 43 5f	1
43 48 89	1
43 52 5f	1
43 5f 00	1
43 5f 33	1
43 5f 45	1
44 02 00	1
44 06 00	1
44 07 00	1
44 08 00	1
44 0f 00	1
44 15 00	1
44 59 4e	1
44 5f 00	1
44 5f 5f	1
44 89 f3	1
44 89 ff	1
44 d5 ff	1
44 e2 ff	1
44 ed ff	1
44 f8 ff	1
44 fa ff	1
45 00 59	1
45 03 00	1
45 0e 18	1
45 0e 28	1
45 0f 00	1
45 13 00	1
45 31 30	1
45 31 31	1
45 31 35	1
45 33 65	1
45 35 62	1
45 35 63	1
45 37 69	1
45 38 61	1
45 39 5f	1
45 39 63	1
45 39 70	1
45 40 40	1
45 45 00	1
45 45 34	1
45 45 62	1
45 45 63	1
45 4e 44	1
45 50 54	1
45 50 63	1
45 53 36	1
45 53 43	1
45 5f 00	1
45 5f 53	1
45 63 76	1
45 64 65	1
45 69 00	1
45 69 69	1
45 6d 52	1
45 70 6c	1
45 76 50	1
45 76 52	1
45 88 48	1
45 90 05	1
45 98 48	1
45 a8 ba	1
45 b8 83	1
45 c0 48	1
45 cc 00	1
45 cc 01	1
45 d0 01	1
45 d0 c9	1
45 d8 00	1
45 d8 10	1
45 d8 4c	1
45 d8 f2	1
45 e0 75	1
45 e0 be	1
45 e4 89	1
45 e8 00	1
45 e8 01	1
45 e8 8b	1
45 ed 04	1
45 f0 5d	1
45 f4 02	1
45 f8 00	1
45 f8 10	1
45 f8 83	1
45 f8 8b	1
45 f8 ba	1
45 fc 00	1
45 fc 5d	1
45 fc 83	1
45 fc 8b	1
45 fc c9	1
45 ff 00	1
46 07 00	1
46 13 40	1
46 14 40	1
46 15 40	1
46 2e 00	1
46 46 40	1
46 46 53	1
46 61 69	1
46 80 05	1
46 e0 ff	1
46 e2 ff	1
46 f4 ff	1
46 fa ff	1
47 05 9d	1
47 2d 00	1
47 da ff	1
47 fe ff	1
48 05 00	1
48 08 00	1
48 0a 00	1
48 0d 00	1
48 0e 00	1
48 0e 38	1
48 13 00	1
48 14 00	1
48 16 00	1
48 22 00	1
48 48 89	1
48 48 8b	1
48 5b 5d	1
48 80 60	1
48 81 60	1
48 81 c4	1
48 83 3d	1
48 83 c2	1
48 83 f8	1
48 85 c9	1
48 89 10	1
48 89 51	1
48 89 d1	1
48 89 d7	1
48 89 d9	1
48 89 e2	1
48 8b 05	1
48 8b 30	1
48 8b 58	1
48 8b 9d	1
48 8d 0c	1
48 b8 00	1
48 c1 e2	1
48 c1 ea	1
48 c1 fd	1
48 c7 c1	1
48 e7 ff	1
48 f6 ff	1
48 f8 ff	1
48 fd ff	1
49 05 00	1
49 21 00	1
49 32 40	1
49 4f 40	1
49 4f 5f	1
49 63 54	1
49 64 45	1
49 69 45	1
49 6d 45	1
49 89 d1	1
49 89 d5	1
49 de ff	1
49 fe ff	1
4a 07 00	1
4a 0f 0b	1
4a 43 52	1
4a 52 40	1
4a 6c 20	1
4a d3 ff	1
4a d5 ff	1
4b 4e 53	1
4b 53 41	1
4b 54 30	1
4b 63 40	1
4b 64 00	1
4b 64 53	1
4b 76 00	1
4c 07 00	1
4c 10 00	1
4c 38 5f	1
4c 45 52	1
4c 46 02	1
4c 49 53	1
4c 62 31	1
4c 89 e1	1
4c 89 e9	1
4c 89 ea	1
4c 89 ee	1
4c 8b 20	1
4c 8d a5	1
4c ef ff	1
4c fa ff	1
4c fd 2c	1
4d 1f 00	1
4d 43 6c	1
4d 45 5f	1
4d 49 43	1
4d 5f 61	1
4d 5f 69	1
4d 90 48	1
4d b8 f2	1
4d c0 f2	1
4d d0 48	1
4d d3 ff	1
4d d5 2c	1
4d d8 48	1
4d e8 48	1
4d e9 2c	1
4e 00 00	1
4e 0c 00	1
4e 0c 07	1
4e 26 00	1
4e 41 4d	1
4e 52 53	1
4e da ff	1
4e fc ff	1
4f 00 00	1
4f 1e 00	1
50 0c 07	1
50 0e 00	1
50 10 e9	1
50 11 00	1
50 15 00	1
50 26 79	1
50 46 52	1
50 4b 76	1
50 4c 52	1
50 53 33	1
50 53 35	1
50 57 40	1
50 76 00	1
50 76 45	1
50 76 53	1
50 80 60	1
50 81 60	1
50 b9 ff	1
50 c1 ff	1
50 d3 ff	1
50 d7 ff	1
50 dd ff	1
50 e2 ff	1
50 e4 ff	1
50 e5 74	1
50 e6 ff	1
50 fa ff	1
50 fe ff	1
51 08 c9	1
51 20 00	1
51 e5 74	1
52 01 00	1
52 06 00	1
52 33 40	1
52 41 4d	1
52 4b 6c	1
52 50 40	1
52 52 53	1
52 53 32	1
52 54 31	1
52 5f 4c	1
52 65 73	1
52 69 00	1
52 69 40	1
52 6c 20	1
52 e5 74	1
52 ed ff	1
53 04 00	1
53 0d 00	1
53 2c 97	1
53 39 5f	1
53 45 52	1
53 45 54	1
53 48 81	1
53 4c 29	1
53 54 5f	1
53 5f 73	1
53 62 49	1
53 73 35	1
53 73 40	1
53 73 52	1
53 73 61	1
53 73 70	1
53 74 4c	1
53 74 65	1
53 74 6c	1
53 d5 ff	1
54 06 00	1
54 09 00	1
54 0c 00	1
54 11 00	1
54 41 42	1
54 49 c7	1
54 4c 8d	1
54 4d 5f	1
54 57 40	1
54 61 62	1
54 df ff	1
55 00 a4	1
55 05 00	1
55 0c 07	1
55 12 00	1
55 13 00	1
55 29 20	1
55 31 00	1
55 48 8d	1
55 6e 77	1
55 90 48	1
55 98 48	1
55 b0 48	1
55 bf f0	1
55 c8 f2	1
55 d0 f2	1
55 e8 4c	1
55 f0 89	1
55 f4 89	1
55 f8 89	1
56 00 00	1
56 02 00	1
56 04 00	1
56 13 40	1
56 14 40	1
56 15 40	1
56 40 00	1
56 49 40	1
56 49 89	1
56 ba ff	1
56 d7 ff	1
56 df ff	1
56 e2 ff	1
56 f0 ff	1
57 00 00	1
57 29 00	1
57 32 40	1
57 48 89	1
57 e5 ff	1
58 01 00	1
58 08 48	1
58 09 00	1
58 0a 00	1
58 0c 00	1
58 0f 00	1
58 16 00	1
58 1b 00	1
58 33 00	1
58 45 40	1
58 73 72	1
58 80 60	1
58 81 60	1
58 ba ff	1
58 d2 ff	1
58 e6 ff	1
58 e7 ff	1
59 1c 00	1
59 d3 ff	1
59 d5 3e	1
59 f6 37	1
5a 15 00	1
5a 2b 00	1
5a 31 30	1
5a 31 34	1
5a 32 36	1
5a 34 31	1
5a 4c 31	1
5a 64 6c	1
5a 6b 20	1
5a 6c 20	1
5a 6e 77	1
5a de ff	1
5a e1 ff	1
5a ef ff	1
5a f3 ff	1
5a f5 ff	1
5b 1a 00	1
5b 5d 41	1
5c 01 00	1
5c 07 00	1
5c 08 00	1
5c 0d 00	1
5c 12 00	1
5c 13 00	1
5c 14 00	1
5c 37 40	1
5c 53 40	1
5c d0 66	1
5c d7 ff	1
5c da ff	1
5c de ff	1
5c f5 ff	1
5d 04 00	1
5d 33 00	1
5d 48 89	1
5d c3 66	1
5d c3 ba	1
5d c6 05	1
5e 0d 00	1
5e 2c 00	1
5e 52 40	1
5e f1 ff	1
5e f7 ff	1
5e fa ff	1
5f 00 6d	1
5f 30 69	1
5f 45 00	1
5f 45 76	1
5f 46 52	1
5f 49 54	1
5f 4a 43	1
5f 4d 69	1
5f 4f 46	1
5f 4f 70	1
5f 50 4b	1
5f 52 54	1
5f 53 32	1
5f 53 37	1
5f 53 39	1
5f 53 41	1
5f 53 44	1
5f 53 45	1
5f 53 5f	1
5f 54 70	1
5f 55 6e	1
5f 5a 32	1
5f 5a 5a	1
5f 5f 4a	1
5f 5f 54	1
5f 5f 65	1
5f 5f 76	1
5f 61 63	1
5f 61 6e	1
5f 61 74	1
5f 62 49	1
5f 62 73	1
5f 63 6c	1
5f 64 61	1
5f 64 69	1
5f 64 6f	1
5f 64 74	1
5f 65 72	1
5f 65 75	1
5f 65 78	1
5f 66 72	1
5f 66 75	1
5f 67 65	1
5f 67 6c	1
5f 68 65	1
5f 6d 65	1
5f 6d 69	1
5f 6f 6e	1
5f 6f 70	1
5f 70 76	1
5f 73 2e	1
5f 74 61	1
5f 74 6d	1
5f 75 73	1
5f e3 ff	1
60 0b 00	1
60 0e 00	1
60 10 00	1
60 12 00	1
60 17 00	1
60 18 00	1
60 19 00	1
60 1a 00	1
60 50 40	1
60 5b 41	1
60 80 60	1
60 81 60	1
60 fc ff	1
61 00 5f	1
61 2e 64	1
61 2e 70	1
61 31 33	1
61 31 37	1
61 32 00	1
61 32 49	1
61 43 32	1
61 5f 61	1
61 5f 64	1
61 5f 73	1
61 67 00	1
61 67 45	1
61 6e 5f	1
61 6e 63	1
61 72 65	1
61 73 68	1
61 74 20	1
61 78 49	1
61 d5 ff	1
61 fd ff	1
62 06 00	1
62 1a 00	1
62 31 45	1
62 44 40	1
62 45 36	1
62 49 50	1
62 4e 40	1
62 52 4b	1
62 61 64	1
62 61 6c	1
62 65 67	1
62 67 63	1
62 6b 20	1
62 6c 20	1
62 e2 ff	1
62 ec ff	1
63 00 2e	1
63 1d 00	1
63 2e 73	1
63 40 40	1
63 45 00	1
63 45 37	1
63 45 40	1
63 4f 40	1
63 54 5f	1
63 5f 73	1
63 63 65	1
63 65 53	1
63 65 5f	1
63 68 65	1
63 6b 45	1
63 6b 5f	1
63 6c 69	1
63 6d 00	1
63 6d 40	1
63 6f 6e	1
63 70 70	1
63 72 00	1
63 72 65	1
63 74 5f	1
63 74 69	1
63 76 00	1
63 76 50	1
64 00 00	1
64 00 2e	1
64 01 00	1
64 02 00	1
64 05 00	1
64 0a 00	1
64 0e 00	1
64 0f 00	1
64 12 00	1
64 2d 6c	1
64 2e 63	1
64 40 40	1
64 45 44	1
64 45 4c	1
64 45 61	1
64 45 76	1
64 49 4c	1
64 49 50	1
64 4d 40	1
64 53 32	1
64 5f 52	1
64 5f 6e	1
64 63 2b	1
64 64 00	1
64 65 00	1
64 65 72	1
64 69 66	1
64 6c 49	1
64 6f 5f	1
64 73 6f	1
64 74 6f	1
65 01 00	1
65 17 00	1
65 25 00	1
65 34 73	1
65 40 40	1
65 45 50	1
65 45 62	1
65 49 50	1
65 49 54	1
65 53 30	1
65 53 74	1
65 5f 64	1
65 5f 65	1
65 5f 68	1
65 5f 6d	1
65 5f 74	1
65 61 6c	1
65 61 6e	1
65 61 74	1
65 63 52	1
65 63 6b	1
65 64 00	1
65 64 2e	1
65 64 61	1
65 6c 70	1
65 6e 20	1
65 6e 61	1
65 6e 63	1
65 6e 67	1
65 71 49	1
65 72 72	1
65 73 73	1
65 73 75	1
65 74 5f	1
65 74 65	1
65 75 63	1
65 78 69	1
65 78 74	1
65 b8 f2	1
66 00 00	1
66 05 00	1
66 06 00	1
66 0f 28	1
66 13 40	1
66 14 40	1
66 15 40	1
66 1e 00	1
66 20 00	1
66 2e 0f	1
66 2e 63	1
66 49 58	1
66 4b 40	1
66 65 72	1
66 66 65	1
66 90 0f	1
66 90 48	1
66 90 55	1
66 dc ff	1
66 ec ff	1
66 f2 ff	1
66 f9 ff	1
67 00 2e	1
67 07 00	1
67 0d 00	1
67 45 31	1
67 45 38	1
67 55 40	1
67 65 45	1
67 69 6e	1
67 6c 6f	1
67 6f 74	1
67 73 00	1
67 73 74	1
67 e2 ff	1
67 f9 ff	1
68 00 2e	1
68 01 00	1
68 02 00	1
68 03 00	1
68 04 00	1
68 05 00	1
68 09 00	1
68 0a 00	1
68 0b 00	1
68 0c 00	1
68 0e 00	1
68 0f 00	1
68 10 00	1
68 11 00	1
68 12 00	1
68 15 00	1
68 16 00	1
68 17 00	1
68 18 00	1
68 19 00	1
68 1a 00	1
68 1b 00	1
68 1c 00	1
68 1d 00	1
68 1e 00	1
68 1f 00	1
68 20 00	1
68 21 00	1
68 22 00	1
68 23 00	1
68 24 00	1
68 25 00	1
68 26 00	1
68 27 00	1
68 28 00	1
68 29 00	1
68 2a 00	1
68 2b 00	1
68 2c 00	1
68 2d 00	1
68 2e 00	1
68 2f 00	1
68 5f 62	1
68 5f 65	1
68 61 6e	1
68 64 72	1
68 65 63	1
68 80 60	1
68 81 60	1
68 c1 ff	1
68 d3 ff	1
68 e9 ff	1
68 f0 ff	1
68 f9 ff	1
69 00 2e	1
69 02 00	1
69 1c 00	1
69 40 40	1
69 5f 61	1
69 62 36	1
69 62 6d	1
69 62 73	1
69 64 64	1
69 64 65	1
69 66 66	1
69 69 00	1
69 6c 65	1
69 6e 00	1
69 6e 64	1
69 6e 67	1
69 6e 73	1
69 6e 74	1
69 6f 69	1
69 74 40	1
69 74 44	1
69 74 74	1
6a 0c 00	1
6a 14 00	1
6a 25 99	1
6a 48 8d	1
6a 6b 20	1
6a 6c 20	1
6a df ff	1
6a f6 ff	1
6b 00 00	1
6b 05 00	1
6b 20 00	1
6b 45 52	1
6b 48 89	1
6b 5f 6c	1
6b b6 00	1
6b d3 ff	1
6b ff ff	1
6c 00 00	1
6c 00 5f	1
6c 09 00	1
6c 0e 38	1
6c 19 00	1
6c 20 00	1
6c 28 00	1
6c 3d 40	1
6c 45 52	1
6c 49 63	1
6c 50 76	1
6c 5f 64	1
6c 64 2d	1
6c 65 5f	1
6c 65 63	1
6c 69 64	1
6c 6f 62	1
6c 6f 73	1
6c 73 49	1
6c 75 65	1
6c d3 ff	1
6c fb ff	1
6d 00 2e	1
6d 06 00	1
6d 0e 00	1
6d 12 00	1
6d 2e 73	1
6d 31 00	1
6d 49 50	1
6d 49 54	1
6d 50 76	1
6d 52 4b	1
6d 5f 63	1
6d 61 69	1
6d 64 45	1
6d 64 65	1
6d 65 00	1
6d 69 63	1
6d 6d 65	1
6d 70 00	1
6d 70 40	1
6d 70 61	1
6d 70 75	1
6d 74 61	1
6d 79 00	1
6d 79 5f	1
6e 00 2e	1
6e 00 47	1
6e 04 00	1
6e 18 00	1
6e 40 40	1
6e 45 6d	1
6e 50 40	1
6e 53 74	1
6e 5f 63	1
6e 5f 64	1
6e 5f 72	1
6e 61 6d	1
6e 64 00	1
6e 64 6f	1
6e 65 54	1
6e 65 73	1
6e 67 5f	1
6e 67 64	1
6e 67 6d	1
6e 67 74	1
6e 69 5f	1
6e 69 73	1
6e 6d 6f	1
6e 73 74	1
6e 74 45	1
6e 74 5f	1
6e 74 72	1
6e 75 78	1
6e 76 00	1
6e 77 69	1
6e ba ff	1
6e d3 ff	1
6e d7 ff	1
6e e1 ff	1
6f 13 00	1
6f 20 6f	1
6f 2e 31	1
6f 2e 32	1
6f 2e 36	1
6f 53 74	1
6f 5f 67	1
6f 5f 68	1
6f 62 61	1
6f 63 76	1
6f 64 61	1
6f 64 65	1
6f 6d 5f	1
6f 6e 00	1
6f 70 75	1
6f 72 3a	1
6f 72 50	1
6f 72 73	1
6f 73 65	1
6f 74 00	1
6f 77 40	1
6f 79 5f	1
70 00 5f	1
70 04 00	1
70 05 00	1
70 09 00	1
70 0e 00	1
70 15 00	1
70 16 40	1
70 45 69	1
70 45 76	1
70 4c 45	1
70 57 40	1
70 5f 61	1
70 61 72	1
70 6c 65	1
70 6f 77	1
70 70 00	1
70 70 45	1
70 75 73	1
70 75 74	1
70 76 00	1
70 79 45	1
70 80 60	1
70 81 60	1
70 ba ff	1
70 d5 ff	1
70 d9 ff	1
70 e0 ff	1
70 e1 ff	1
70 f8 ff	1
70 f9 ff	1
71 05 00	1
71 08 00	1
71 ff ff	1
72 50 4b	1
72 54 4d	1
72 61 5f	1
72 61 67	1
72 61 6e	1
72 61 73	1
72 64 5f	1
72 65 45	1
72 65 6e	1
72 6b 20	1
72 6c 20	1
72 6f 72	1
72 70 00	1
72 72 6f	1
72 73 5f	1
72 73 69	1
72 74 73	1
72 79 00	1
72 d7 ff	1
72 e2 ff	1
72 e3 ff	1
72 fc ff	1
73 00 01	1
73 00 5f	1
73 00 72	1
73 0e 00	1
73 1a 00	1
73 1f 00	1
73 35 63	1
73 40 00	1
73 45 50	1
73 52 4b	1
73 5f 61	1
73 5f 69	1
73 5f 6f	1
73 61 53	1
73 65 00	1
73 65 34	1
73 65 53	1
73 65 64	1
73 65 6c	1
73 65 72	1
73 65 74	1
73 68 5f	1
73 68 65	1
73 68 73	1
73 69 6f	1
73 70 4c	1
73 73 00	1
73 74 2e	1
73 74 64	1
73 74 75	1
73 75 6d	1
73 de ff	1
73 e2 ff	1
74 00 00	1
74 00 46	1
74 00 6d	1
74 00 70	1
74 02 00	1
74 03 00	1
74 05 00	1
74 05 e8	1
74 06 00	1
74 09 00	1
74 0a 00	1
74 0c 00	1
74 0d 83	1
74 0e 00	1
74 10 00	1
74 10 48	1
74 12 48	1
74 14 55	1
74 1d 00	1
74 1e 0f	1
74 1e b8	1
74 23 00	1
74 29 92	1
74 2e 70	1
74 31 37	1
74 31 38	1
74 32 33	1
74 34 65	1
74 35 be	1
74 39 5f	1
74 39 62	1
74 40 00	1
74 44 31	1
74 49 53	1
74 5f 74	1
74 61 31	1
74 61 35	1
74 61 4e	1
74 61 62	1
74 61 74	1
74 63 6f	1
74 64 06	1
74 64 69	1
74 65 64	1
74 65 78	1
74 66 45	1
74 68 5f	1
74 69 63	1
74 6c 73	1
74 6d 5f	1
74 6f 52	1
74 72 00	1
74 72 69	1
74 72 79	1
74 c0 ff	1
74 f1 ff	1
74 f4 5d	1
75 02 5d	1
75 06 90	1
75 0e 00	1
75 10 48	1
75 14 8b	1
75 23 48	1
75 2d 00	1
75 2e 76	1
75 43 48	1
75 5f 66	1
75 5f 69	1
75 63 6c	1
75 66 66	1
75 69 6c	1
75 6c 61	1
75 6d 65	1
75 6e 63	1
75 73 68	1
75 74 00	1
75 74 40	1
75 74 65	1
75 78 00	1
75 78 45	1
75 78 49	1
75 a8 be	1
75 b2 48	1
75 d0 48	1
75 d1 48	1
75 ea 48	1
75 f0 eb	1
75 f4 48	1
76 00 6e	1
76 02 00	1
76 0a 00	1
76 13 40	1
76 14 40	1
76 15 40	1
76 45 32	1
76 45 76	1
76 50 76	1
76 52 53	1
76 61 6c	1
76 65 49	1
76 65 72	1
76 e2 ff	1
76 e7 ff	1
76 f8 ff	1
77 00 5f	1
77 00 6c	1
77 2e 00	1
77 40 40	1
77 5f 62	1
77 5f 6c	1
77 69 6e	1
77 6d 00	1
78 00 00	1
78 06 00	1
78 09 00	1
78 0a 00	1
78 0c 00	1
78 11 00	1
78 16 00	1
78 2d 78	1
78 33 40	1
78 38 36	1
78 45 4e	1
78 49 4c	1
78 5f 66	1
78 74 72	1
78 80 60	1
78 81 60	1
78 c0 ff	1
78 dc ff	1
78 de ff	1
78 f2 ff	1
78 fa ff	1
79 00 6e	1
79 03 00	1
79 0b 00	1
79 10 00	1
79 45 50	1
79 45 52	1
79 49 6b	1
79 5f 62	1
79 74 65	1
79 d3 ff	1
79 e2 ff	1
7a 61 74	1
7a 6b 20	1
7a 6c 20	1
7a e2 ff	1
7a e4 ff	1
7a f1 ff	1
7a fe ff	1
7b 04 00	1
7b 30 00	1
7c 03 00	1
7c 07 00	1
7c 0a 00	1
7c 0d 00	1
7c 12 00	1
7c 13 00	1
7c 14 00	1
7c e1 ff	1
7c e2 ff	1
7c ee ff	1
7d a4 00	1
7d a4 01	1
7d d8 48	1
7d d8 b8	1
7d e8 00	1
7d fc 8b	1
7e 00 00	1
7e 02 00	1
7e 0a 00	1
7e 22 00	1
7e 4c 40	1
7e 54 40	1
7e c0 ff	1
7e c6 ff	1
7e ec 5d	1
7f 0b 00	1
7f 45 4c	1
7f 48 89	1
7f e2 ff	1
80 02 00	1
80 03 05	1
80 0b 00	1
80 0f 00	1
80 10 00	1
80 12 00	1
80 17 00	1
80 18 00	1
80 19 00	1
80 25 05	1
80 3d c9	1
80 48 8b	1
80 80 60	1
80 81 60	1
80 bf 58	1
80 ee ff	1
80 ef ff	1
80 f5 ff	1
80 f6 ff	1
80 fd ff	1
81 01 05	1
81 2f 00	1
81 7d fc	1
81 e0 ff	1
81 ec 70	1
82 01 a3	1
82 07 00	1
82 14 00	1
82 31 40	1
82 37 40	1
82 6b 20	1
82 6c 20	1
83 02 00	1
83 06 00	1
83 06 03	1
83 27 05	1
83 45 d4	1
83 45 fc	1
83 7d e8	1
83 7d f8	1
83 bd 6c	1
83 bd 8c	1
83 c0 18	1
83 c2 18	1
83 c3 01	1
83 c4 08	1
83 c4 20	1
83 c4 28	1
83 c4 40	1
83 c4 48	1
83 c4 60	1
83 e4 f0	1
83 ea 18	1
83 ec 48	1
84 02 00	1
84 0e 00	1
84 27 00	1
84 32 40	1
84 ba ff	1
84 bf ff	1
84 c0 75	1
84 ce ff	1
84 db 84	1
84 e2 ff	1
84 e5 ff	1
84 ef ff	1
84 f3 ff	1
85 00 fe	1
85 02 00	1
85 10 fd	1
85 13 fd	1
85 18 ff	1
85 1b ff	1
85 40 fd	1
85 48 fd	1
85 48 ff	1
85 70 fd	1
85 78 f6	1
85 78 ff	1
85 80 fe	1
85 90 f6	1
85 90 fe	1
85 a0 fe	1
85 b0 fe	1
85 b5 fd	1
85 c0 0f	1
85 c0 75	1
85 c0 fe	1
85 c9 74	1
85 cf fd	1
85 d0 fd	1
85 d2 74	1
85 d8 fe	1
85 df fd	1
85 e0 fd	1
85 ed 74	1
85 ef fd	1
85 f0 fc	1
85 f0 fd	1
85 ff fd	1
86 01 00	1
86 06 48	1
86 09 00	1
86 0f c7	1
86 13 40	1
86 14 40	1
86 15 40	1
86 d7 ff	1
86 de ff	1
86 fb ff	1
87 01 e9	1
87 13 00	1
87 47 40	1
88 04 00	1
88 06 00	1
88 07 00	1
88 0a 00	1
88 0d 00	1
88 12 00	1
88 13 00	1
88 14 00	1
88 1a 00	1
88 1d 00	1
88 44 40	1
88 48 8b	1
88 4e 40	1
88 50 40	1
88 80 60	1
88 81 60	1
88 c0 ff	1
88 d3 ff	1
88 d7 ff	1
88 e3 ff	1
88 f9 ff	1
88 ff ff	1
89 00 00	1
89 01 48	1
89 42 28	1
89 42 38	1
89 42 48	1
89 45 40	1
89 45 80	1
89 45 90	1
89 45 a4	1
89 45 b0	1
89 45 d8	1
89 45 f0	1
89 4d e4	1
89 4d ec	1
89 4d f8	1
89 55 c0	1
89 75 b0	1
89 7d b8	1
89 7d e0	1
89 85 48	1
89 85 6c	1
89 85 c0	1
89 85 d0	1
89 85 e0	1
89 85 e8	1
89 85 f0	1
89 9d 20	1
89 9d 28	1
89 9d 30	1
89 9d 40	1
89 bd 8c	1
89 c5 48	1
89 d1 ba	1
89 d7 e8	1
89 d8 e9	1
89 d9 48	1
89 da ff	1
89 e1 48	1
89 e2 4c	1
89 e3 e9	1
89 e5 5d	1
89 e5 c7	1
89 f6 41	1
89 f6 44	1
8a 01 d5	1
8a 01 e9	1
8a 01 fd	1
8a 06 05	1
8a 1b 00	1
8a 6b 20	1
8a 6c 20	1
8a e2 ff	1
8a e5 ff	1
8a fc ff	1
8b 00 8b	1
8b 00 c9	1
8b 05 05	1
8b 08 48	1
8b 12 48	1
8b 18 48	1
8b 1b 3e	1
8b 1c 59	1
8b 30 48	1
8b 40 18	1
8b 45 98	1
8b 45 b0	1
8b 45 c0	1
8b 45 c8	1
8b 4b 40	1
8b 4d 98	1
8b 4d d0	1
8b 4d e8	1
8b 52 40	1
8b 55 80	1
8b 55 88	1
8b 55 b0	1
8b 55 f4	1
8b 58 08	1
8b 65 d0	1
8b 65 d8	1
8b 85 20	1
8b 85 28	1
8b 85 30	1
8b 85 6c	1
8b 85 70	1
8b 85 80	1
8b 95 38	1
8b 95 48	1
8b 95 50	1
8b 95 60	1
8b 95 70	1
8b 9d 40	1
8b 9d 70	1
8b 9d 78	1
8b e2 ff	1
8c 05 83	1
8c 08 00	1
8c 0b 00	1
8c 0f 00	1
8c 11 3e	1
8c 17 00	1
8c b9 ff	1
8c d5 ff	1
8c d7 ff	1
8c de ff	1
8d 00 00	1
8d 04 45	1
8d 04 8c	1
8d 05 00	1
8d 07 05	1
8d 0c 02	1
8d 10 fe	1
8d 1a 00	1
8d 20 fe	1
8d 25 28	1
8d 2d 38	1
8d 40 fe	1
8d 45 d0	1
8d 50 fe	1
8d 55 b0	1
8d 55 e0	1
8d 55 f0	1
8d 60 08	1
8d 60 fe	1
8d 68 08	1
8d 85 0f	1
8d 85 40	1
8d 85 44	1
8d 85 4c	1
8d 85 58	1
8d 85 6c	1
8d 85 de	1
8d 85 ee	1
8d 85 fe	1
8d 8d 70	1
8d 8d 80	1
8d 8d a0	1
8d 8d b0	1
8d 8d c0	1
8d 95 0f	1
8d 95 30	1
8d 95 50	1
8d 95 70	1
8d 95 d0	1
8d 95 de	1
8d 95 ee	1
8d 95 fe	1
8d a5 d8	1
8e 01 05	1
8e 03 00	1
8e 03 8d	1
8e 11 00	1
8e 1f 00	1
8e e3 ff	1
8e e4 ff	1
8e ed ff	1
8f 02 45	1
8f 03 46	1
8f 0f 00	1
8f 20 00	1
90 00 00	1
90 01 07	1
90 07 00	1
90 0e 00	1
90 15 00	1
90 48 8d	1
90 56 40	1
90 80 60	1
90 81 60	1
90 bb 00	1
90 e2 ff	1
90 ff ff	1
91 05 00	1
91 19 00	1
92 08 00	1
92 0d 00	1
92 6b 20	1
92 6c 20	1
92 c5 ff	1
92 d7 ff	1
92 f0 ff	1
92 f6 ff	1
92 fc ff	1
93 15 00	1
94 00 00	1
94 03 00	1
94 04 00	1
94 05 00	1
94 06 00	1
94 09 00	1
94 0c 00	1
94 10 00	1
94 15 00	1
94 28 00	1
94 e4 ff	1
94 f7 ff	1
95 00 fe	1
95 20 ff	1
95 21 00	1
95 24 00	1
95 28 ff	1
95 30 ff	1
95 40 ff	1
95 48 ff	1
95 50 fd	1
95 50 ff	1
95 60 ff	1
95 90 fe	1
95 c0 84	1
95 c0 fc	1
95 cf fd	1
95 d0 fd	1
95 df fd	1
95 e0 fd	1
95 e0 fe	1
95 ef fd	1
95 f0 fd	1
95 f0 fe	1
95 ff fd	1
96 13 40	1
96 14 40	1
96 15 40	1
96 18 40	1
96 1a 05	1
96 26 00	1
96 51 40	1
96 de ff	1
96 e1 ff	1
96 e2 ff	1
97 01 00	1
97 10 05	1
97 26 05	1
97 49 40	1
98 02 00	1
98 05 00	1
98 09 00	1
98 0a 00	1
98 0e 00	1
98 11 00	1
98 16 00	1
98 3c 40	1
98 80 60	1
98 81 00	1
98 db ff	1
98 ed ff	1
99 01 00	1
99 02 00	1
99 04 00	1
99 06 05	1
99 2a 00	1
99 2b 00	1
99 52 40	1
99 e3 ff	1
9a 02 00	1
9a 03 00	1
9a 16 05	1
9a 33 00	1
9a 6b 20	1
9a 6c 20	1
9a c6 ff	1
9a d7 ff	1
9a e6 ff	1
9a ee ff	1
9a fb ff	1
9a ff ff	1
9b 0c 05	1
9b 16 00	1
9b 18 00	1
9b 1c 00	1
9b da ff	1
9c 03 00	1
9c 04 00	1
9c 04 05	1
9c 0a 00	1
9c 11 00	1
9c 12 00	1
9c 13 00	1
9c 14 00	1
9c e2 ff	1
9c e3 ff	1
9c e4 ff	1
9c fc ff	1
9c fe ff	1
9d 00 00	1
9d 2e 00	1
9d 70 ff	1
9d 78 ff	1
9e 2d 00	1
9f 08 00	1
9f 2f 00	1
9f dd ff	1
a0 00 00	1
a0 03 d5	1
a0 05 00	1
a0 0a 00	1
a0 0c 00	1
a0 0f 00	1
a0 10 00	1
a0 12 00	1
a0 16 40	1
a0 17 00	1
a0 18 00	1
a0 19 00	1
a0 1b 00	1
a0 33 00	1
a0 80 60	1
a0 be ff	1
a0 d2 ff	1
a0 f4 ff	1
a0 f7 ff	1
a0 fd ff	1
a0 ff ff	1
a1 05 00	1
a1 24 00	1
a1 33 40	1
a2 00 00	1
a2 1e 00	1
a2 6b 20	1
a2 6c 20	1
a2 e1 ff	1
a2 f6 ff	1
a3 05 01	1
a4 00 00	1
a4 00 75	1
a4 01 00	1
a4 01 75	1
a4 02 00	1
a4 40 40	1
a4 48 8d	1
a4 51 40	1
a4 b5 59	1
a4 de ff	1
a4 ec ff	1
a5 08 05	1
a5 1a 00	1
a5 1a 3e	1
a5 25 00	1
a5 25 05	1
a5 30 00	1
a5 4b 40	1
a5 c1 ff	1
a5 d3 ff	1
a5 e8 fe	1
a6 01 00	1
a6 04 00	1
a6 07 05	1
a6 10 3e	1
a6 13 40	1
a6 14 40	1
a6 15 40	1
a6 29 00	1
a6 3c 40	1
a6 c2 ff	1
a6 e2 ff	1
a6 ef ff	1
a6 f5 ff	1
a6 f7 ff	1
a7 27 05	1
a8 00 00	1
a8 05 00	1
a8 06 00	1
a8 08 00	1
a8 0b 00	1
a8 0d 00	1
a8 13 00	1
a8 14 00	1
a8 1a 00	1
a8 2a 00	1
a8 80 60	1
a8 8a 00	1
a8 ba 54	1
a8 e1 ff	1
a8 e2 ff	1
a8 ea ff	1
a8 f2 ff	1
a8 f4 ff	1
a8 f8 ff	1
a8 f9 ff	1
a9 00 00	1
a9 16 8a	1
a9 48 40	1
a9 da ff	1
a9 fa ff	1
aa 00 00	1
aa 02 00	1
aa 0c 8a	1
aa 4e 40	1
aa 6b 20	1
aa 6c 20	1
aa de ff	1
aa fc ff	1
aa fe ff	1
ab 00 00	1
ab 05 45	1
ab 37 40	1
ac 01 00	1
ac 08 00	1
ac 0f 00	1
ac c2 ff	1
ac ee ff	1
ac f1 ff	1
ad 05 00	1
ae 00 00	1
ae 38 40	1
ae 44 40	1
ae ba ff	1
ae e4 ff	1
ae e7 ff	1
ae e8 ff	1
ae f5 ff	1
af 01 05	1
af 06 00	1
af 14 00	1
af 45 f4	1
b0 01 00	1
b0 04 00	1
b0 0d 00	1
b0 15 00	1
b0 19 05	1
b0 48 83	1
b0 80 60	1
b0 82 60	1
b0 e1 ff	1
b0 e2 ff	1
b0 ed ff	1
b0 f2 0f	1
b0 f8 ff	1
b1 02 00	1
b1 04 00	1
b1 0f 05	1
b1 df ff	1
b2 32 00	1
b2 32 40	1
b2 40 40	1
b2 6b 20	1
b2 6c 20	1
b3 01 00	1
b3 11 00	1
b3 19 00	1
b3 23 00	1
b3 52 40	1
b4 01 00	1
b4 03 00	1
b4 06 00	1
b4 0c 00	1
b4 10 00	1
b4 15 00	1
b4 20 00	1
b4 25 05	1
b4 e2 ff	1
b5 07 05	1
b5 80 f6	1
b5 dd ff	1
b6 00 00	1
b6 13 40	1
b6 14 40	1
b6 15 40	1
b6 31 00	1
b6 dc ff	1
b6 e3 ff	1
b7 0c 07	1
b8 05 05	1
b8 0a 00	1
b8 0c 00	1
b8 0e 00	1
b8 11 00	1
b8 16 00	1
b8 22 00	1
b8 2c 00	1
b8 48 8b	1
b8 80 60	1
b8 a0 81	1
b8 a7 81	1
b8 ba ff	1
b8 bb ff	1
b8 bf ff	1
b8 de ff	1
b8 e1 ff	1
b8 e2 ff	1
b8 e3 ff	1
b8 fc ff	1
b9 02 00	1
b9 03 05	1
b9 19 00	1
b9 2c 00	1
b9 4a 40	1
b9 db ff	1
b9 ea ff	1
ba 07 00	1
ba 12 00	1
ba 3b 40	1
ba 4a 00	1
ba 54 57	1
ba 6b 20	1
ba 6c 20	1
ba dc ff	1
ba e3 ff	1
ba e5 ff	1
bb 00 00	1
bb 01 00	1
bb 0b 00	1
bb 26 00	1
bb 26 05	1
bc 04 00	1
bc 05 00	1
bc 0a 00	1
bc 11 00	1
bc 12 00	1
bc 13 00	1
bc 14 00	1
bc 1f 00	1
bc 44 40	1
bc 4f 40	1
bc c1 ff	1
bc e1 ff	1
bc f3 ff	1
bc ff ff	1
bd da ff	1
bd ff ff	1
be 03 00	1
be 06 00	1
be 13 00	1
be 20 57	1
be 3e 57	1
be 50 57	1
be b0 15	1
be b4 82	1
be b8 82	1
be d5 ff	1
be d7 ff	1
be de ff	1
be f4 ff	1
bf 00 00	1
bf 19 3e	1
c0 00 00	1
c0 03 00	1
c0 08 00	1
c0 09 00	1
c0 0c 00	1
c0 0e 00	1
c0 0f 00	1
c0 0f 3e	1
c0 0f 95	1
c0 10 00	1
c0 12 00	1
c0 17 00	1
c0 18 00	1
c0 19 00	1
c0 48 83	1
c0 48 89	1
c0 48 c7	1
c0 4d 40	1
c0 74 35	1
c0 74 39	1
c0 74 f4	1
c0 80 60	1
c0 82 60	1
c0 b8 00	1
c0 ba ff	1
c0 db ff	1
c0 ec ff	1
c0 f5 ff	1
c0 fd ff	1
c1 01 00	1
c1 0a 00	1
c1 48 85	1
c1 55 40	1
c1 90 56	1
c1 f2 0f	1
c2 06 00	1
c2 08 0f	1
c2 10 00	1
c2 18 89	1
c2 6b 20	1
c2 6c 20	1
c2 73 06	1
c2 dd ff	1
c2 ff ff	1
c3 02 00	1
c3 25 05	1
c3 66 0f	1
c3 66 66	1
c3 b8 00	1
c3 e8 36	1
c3 e8 8c	1
c3 eb 17	1
c4 00 00	1
c4 01 00	1
c4 02 00	1
c4 05 00	1
c4 08 5b	1
c4 08 c3	1
c4 0d 00	1
c4 0e 00	1
c4 10 5b	1
c4 20 5b	1
c4 40 00	1
c4 46 40	1
c4 48 89	1
c4 60 5b	1
c4 70 09	1
c4 e2 ff	1
c4 f9 ff	1
c4 fa ff	1
c5 02 00	1
c5 2b 00	1
c5 30 00	1
c6 13 40	1
c6 14 40	1
c6 15 40	1
c6 2e 00	1
c6 53 40	1
c6 bf 10	1
c6 d6 ff	1
c6 fe ff	1
c7 04 00	1
c7 40 04	1
c7 40 0c	1
c7 40 14	1
c7 40 1c	1
c7 45 d0	1
c7 45 d4	1
c7 45 e0	1
c7 45 e8	1
c7 85 40	1
c7 85 44	1
c7 85 48	1
c7 85 4c	1
c7 85 50	1
c7 85 58	1
c7 85 60	1
c7 85 6c	1
c7 c0 00	1
c7 c7 24	1
c7 d7 ff	1
c7 df 16	1
c7 e8 01	1
c7 e8 02	1
c7 e8 08	1
c7 e8 13	1
c7 e8 18	1
c7 e8 1d	1
c7 e8 25	1
c7 e8 2a	1
c7 e8 2e	1
c7 e8 37	1
c7 e8 39	1
c7 e8 3a	1
c7 e8 3c	1
c7 e8 3f	1
c7 e8 40	1
c7 e8 42	1
c7 e8 45	1
c7 e8 47	1
c7 e8 4a	1
c7 e8 4e	1
c7 e8 50	1
c7 e8 5e	1
c7 e8 60	1
c7 e8 64	1
c7 e8 71	1
c7 e8 74	1
c7 e8 75	1
c7 e8 79	1
c7 e8 82	1
c7 e8 85	1
c7 e8 8a	1
c7 e8 8d	1
c7 e8 8e	1
c7 e8 91	1
c7 e8 96	1
c7 e8 a2	1
c7 e8 ac	1
c7 e8 ad	1
c7 e8 b4	1
c7 e8 bc	1
c7 e8 bd	1
c7 e8 be	1
c7 e8 c2	1
c7 e8 c6	1
c7 e8 ca	1
c7 e8 ce	1
c7 e8 d4	1
c7 e8 d6	1
c7 e8 df	1
c7 e8 e9	1
c7 e8 ea	1
c7 e8 ec	1
c7 e8 ed	1
c7 e8 f2	1
c7 e8 f5	1
c7 e8 fc	1
c7 fb ff	1
c8 05 00	1
c8 06 00	1
c8 0b 00	1
c8 0d 00	1
c8 13 00	1
c8 14 00	1
c8 18 40	1
c8 1a 00	1
c8 3b 40	1
c8 48 89	1
c8 4c 8b	1
c8 51 40	1
c8 80 60	1
c8 81 00	1
c8 be ff	1
c8 e1 ff	1
c9 06 00	1
c9 0f 00	1
c9 6b 20	1
c9 74 12	1
c9 fc ff	1
ca 06 00	1
ca 6b 20	1
ca 6c 20	1
ca f5 ff	1
cb 17 00	1
cb 27 05	1
cc 03 00	1
cc 08 00	1
cc 0a 00	1
cc 0f 00	1
cc 30 00	1
cc 32 00	1
cc e1 ff	1
cc e3 ff	1
cc e5 ff	1
cc ec ff	1
cc ef ff	1
cc f7 ff	1
cc f8 ff	1
cd 01 00	1
cd 08 00	1
cd 25 00	1
ce 05 45	1
ce 47 40	1
ce d5 ff	1
ce e1 ff	1
ce ee ff	1
ce f4 ff	1
cf 0b 00	1
cf 15 00	1
cf 2f 00	1
cf 3c 40	1
d0 00 00	1
d0 01 05	1
d0 02 00	1
d0 0d 00	1
d0 15 00	1
d0 24 00	1
d0 48 d1	1
d0 4c 89	1
d0 4c 8b	1
d0 5c 00	1
d0 5d e9	1
d0 75 d1	1
d0 80 60	1
d0 d7 ff	1
d0 dc ff	1
d0 e1 ff	1
d0 e3 ff	1
d0 e8 0a	1
d0 e8 0e	1
d1 1a 00	1
d1 21 00	1
d1 48 8b	1
d1 5e 48	1
d1 ba 00	1
d1 da ff	1
d1 f7 ff	1
d1 f8 75	1
d2 02 00	1
d2 03 05	1
d2 25 05	1
d2 26 00	1
d2 6b 20	1
d2 c5 ff	1
d2 d4 ff	1
d2 e1 ff	1
d2 ee ff	1
d2 fa ff	1
d2 ff ff	1
d3 07 4c	1
d3 1e 00	1
d3 af 6b	1
d3 ff ff	1
d4 00 00	1
d4 01 00	1
d4 01 48	1
d4 03 00	1
d4 04 00	1
d4 06 05	1
d4 10 00	1
d4 15 00	1
d4 31 40	1
d4 48 8b	1
d4 6c 20	1
d4 d7 ff	1
d4 df ff	1
d4 e1 ff	1
d4 f5 ff	1
d5 04 05	1
d5 1c 05	1
d5 41 54	1
d5 4c 14	1
d5 ba ff	1
d6 02 00	1
d6 07 00	1
d6 12 05	1
d6 13 40	1
d6 14 40	1
d6 15 40	1
d6 4e 40	1
d6 51 40	1
d6 89 c7	1
d6 e1 ff	1
d6 e2 ff	1
d7 02 00	1
d7 08 05	1
d7 29 00	1
d7 2b 00	1
d7 e8 9a	1
d7 ff ff	1
d8 01 48	1
d8 08 00	1
d8 0a 00	1
d8 0b 00	1
d8 0c 00	1
d8 0e 00	1
d8 11 00	1
d8 13 00	1
d8 16 00	1
d8 33 00	1
d8 48 3b	1
d8 4c 89	1
d8 5d c3	1
d8 80 60	1
d8 c6 45	1
d8 db ff	1
d8 e1 ff	1
d8 fe ff	1
d8 ff ff	1
d9 14 00	1
d9 18 00	1
d9 48 89	1
d9 54 40	1
d9 e0 ff	1
da 03 00	1
da 09 00	1
da 0e 00	1
da 17 00	1
da 43 40	1
da 6b 20	1
da c6 ff	1
da db ff	1
da e0 ff	1
da e1 ff	1
da f7 ff	1
da f8 ff	1
da ff ff	1
db 90 48	1
dc 00 0f	1
dc 00 75	1
dc 01 00	1
dc 02 82	1
dc 05 00	1
dc 08 00	1
dc 0a 00	1
dc 0c 00	1
dc 12 00	1
dc 13 00	1
dc 19 00	1
dc 48 83	1
dc e6 ff	1
dc f6 ff	1
dc fc ff	1
dc ff ff	1
dd c9 c3	1
de 00 00	1
de 2a 00	1
de 33 40	1
de 49 40	1
de 4f 40	1
de f1 ff	1
de f7 ff	1
de f8 ff	1
de ff ff	1
df 01 05	1
df 04 00	1
df 12 00	1
df 26 05	1
df 50 40	1
df da ff	1
df e8 16	1
df e8 26	1
df e8 2c	1
df e8 86	1
df e8 88	1
df e8 b0	1
df e8 c6	1
df e8 e2	1
e0 01 00	1
e0 07 00	1
e0 09 00	1
e0 0c 00	1
e0 0f 00	1
e0 0f 1f	1
e0 10 00	1
e0 12 00	1
e0 16 00	1
e0 17 00	1
e0 18 00	1
e0 18 40	1
e0 19 00	1
e0 40 40	1
e0 47 40	1
e0 48 83	1
e0 48 c1	1
e0 80 60	1
e0 89 c7	1
e0 8b 45	1
e0 e3 ff	1
e0 eb 6a	1
e0 ed ff	1
e1 00 00	1
e1 03 05	1
e1 25 05	1
e1 32 00	1
e1 48 89	1
e2 04 48	1
e2 0c 00	1
e2 0f 1f	1
e2 1b 05	1
e2 1f 00	1
e2 36 40	1
e2 48 83	1
e2 4d 40	1
e2 6b 20	1
e2 da ff	1
e2 f8 ff	1
e3 01 00	1
e3 11 05	1
e3 e9 82	1
e3 e9 be	1
e3 eb 1f	1
e4 00 00	1
e4 01 00	1
e4 02 00	1
e4 07 00	1
e4 0d 00	1
e4 0e 00	1
e4 52 40	1
e4 89 55	1
e4 d6 ff	1
e4 dd ff	1
e4 df ff	1
e4 e7 ff	1
e4 e9 ff	1
e4 f2 0f	1
e4 fb ff	1
e5 05 00	1
e5 0c 07	1
e5 23 00	1
e5 77 02	1
e5 e8 7e	1
e5 ff d0	1
e6 04 00	1
e6 13 40	1
e6 14 40	1
e6 15 40	1
e6 30 00	1
e6 e1 ff	1
e6 fa ff	1
e7 06 00	1
e7 22 00	1
e8 00 75	1
e8 02 fe	1
e8 04 03	1
e8 05 00	1
e8 07 00	1
e8 07 e7	1
e8 07 f9	1
e8 08 08	1
e8 09 03	1
e8 09 f9	1
e8 09 fa	1
e8 0b 07	1
e8 0b e5	1
e8 0d 00	1
e8 0d 09	1
e8 0d f6	1
e8 0f 01	1
e8 0f fa	1
e8 10 ff	1
e8 11 00	1
e8 13 00	1
e8 13 02	1
e8 13 0f	1
e8 14 00	1
e8 17 03	1
e8 17 06	1
e8 17 f9	1
e8 19 fb	1
e8 1a 00	1
e8 1b 0a	1
e8 1b dd	1
e8 1b f0	1
e8 1c 00	1
e8 1d f4	1
e8 1f e0	1
e8 21 d7	1
e8 21 db	1
e8 21 f5	1
e8 23 04	1
e8 25 00	1
e8 25 f0	1
e8 28 ff	1
e8 29 0b	1
e8 29 0c	1
e8 29 f5	1
e8 2a 03	1
e8 2b 0a	1
e8 2b 13	1
e8 2b 1a	1
e8 2b de	1
e8 2b fa	1
e8 2d f4	1
e8 2d fa	1
e8 30 fe	1
e8 31 02	1
e8 31 0a	1
e8 31 e4	1
e8 31 f2	1
e8 32 0b	1
e8 32 0c	1
e8 33 f7	1
e8 35 0d	1
e8 35 e4	1
e8 35 f8	1
e8 35 fb	1
e8 37 40	1
e8 37 fe	1
e8 38 0f	1
e8 39 06	1
e8 39 07	1
e8 39 e5	1
e8 3b d2	1
e8 3d 0d	1
e8 3d fe	1
e8 3f f1	1
e8 41 e6	1
e8 43 08	1
e8 43 13	1
e8 43 f7	1
e8 44 89	1
e8 45 e4	1
e8 46 0e	1
e8 47 ef	1
e8 47 f3	1
e8 48 29	1
e8 49 e4	1
e8 4a 07	1
e8 4c 89	1
e8 4c ff	1
e8 4d 0e	1
e8 4d bc	1
e8 4d ed	1
e8 4e 07	1
e8 4f 07	1
e8 50 02	1
e8 51 04	1
e8 51 07	1
e8 51 e3	1
e8 51 fc	1
e8 53 c4	1
e8 57 0a	1
e8 57 f8	1
e8 59 07	1
e8 59 0a	1
e8 5b c0	1
e8 5b ea	1
e8 5b ee	1
e8 5b f0	1
e8 5b fe	1
e8 5d e4	1
e8 5d f7	1
e8 5f 02	1
e8 5f ec	1
e8 61 04	1
e8 61 df	1
e8 65 f1	1
e8 65 fb	1
e8 67 e7	1
e8 69 e3	1
e8 6b e8	1
e8 6b f8	1
e8 6c 09	1
e8 6d dd	1
e8 6d f9	1
e8 6d fb	1
e8 6f 01	1
e8 6f 0a	1
e8 6f 0e	1
e8 6f dd	1
e8 71 e4	1
e8 77 1a	1
e8 77 e2	1
e8 79 08	1
e8 7b c2	1
e8 7b f3	1
e8 7b f7	1
e8 7b f8	1
e8 7c ff	1
e8 7d 00	1
e8 7d e3	1
e8 7d f4	1
e8 7f 08	1
e8 7f 0a	1
e8 7f ff	1
e8 80 60	1
e8 81 0e	1
e8 81 d3	1
e8 81 f0	1
e8 82 00	1
e8 82 05	1
e8 83 09	1
e8 83 e6	1
e8 83 f4	1
e8 84 02	1
e8 85 0f	1
e8 85 e4	1
e8 85 e7	1
e8 86 e8	1
e8 87 06	1
e8 89 03	1
e8 8b 03	1
e8 8b ec	1
e8 8d f2	1
e8 91 e3	1
e8 93 07	1
e8 93 e2	1
e8 93 eb	1
e8 95 f8	1
e8 97 03	1
e8 97 04	1
e8 97 e9	1
e8 97 f2	1
e8 99 df	1
e8 9b 00	1
e8 9b c4	1
e8 9b f5	1
e8 9d e6	1
e8 9d f5	1
e8 a1 0c	1
e8 a1 0d	1
e8 a2 db	1
e8 a2 ea	1
e8 a5 02	1
e8 a7 09	1
e8 a7 19	1
e8 a7 ef	1
e8 a9 03	1
e8 a9 d5	1
e8 a9 ed	1
e8 a9 ef	1
e8 ab 05	1
e8 ab f3	1
e8 ab f8	1
e8 ad 03	1
e8 ad 06	1
e8 ad f7	1
e8 b1 0c	1
e8 b1 0d	1
e8 b1 0e	1
e8 b3 04	1
e8 b3 e4	1
e8 b5 0f	1
e8 b7 07	1
e8 b9 e3	1
e8 b9 ff	1
e8 bb 05	1
e8 bd 04	1
e8 bd 0a	1
e8 bf f1	1
e8 c1 0e	1
e8 c1 f5	1
e8 c1 f6	1
e8 c3 02	1
e8 c4 03	1
e8 c5 e6	1
e8 c7 06	1
e8 c7 fd	1
e8 c9 04	1
e8 c9 dc	1
e8 ca 08	1
e8 cb d8	1
e8 cb f1	1
e8 cd 08	1
e8 cd 19	1
e8 cd e3	1
e8 cd ea	1
e8 ce 0a	1
e8 cf ef	1
e8 cf f7	1
e8 d1 f3	1
e8 d1 f8	1
e8 d3 f9	1
e8 d9 f4	1
e8 d9 fc	1
e8 da ff	1
e8 db 02	1
e8 dd e4	1
e8 df d0	1
e8 df f7	1
e8 e0 0d	1
e8 e1 02	1
e8 e3 08	1
e8 e9 db	1
e8 e9 fb	1
e8 ea 0f	1
e8 eb 33	1
e8 eb f0	1
e8 ed f8	1
e8 ee 0d	1
e8 ef f8	1
e8 f1 d5	1
e8 f3 e7	1
e8 f4 ff	1
e8 f5 02	1
e8 f5 f4	1
e8 f7 f3	1
e8 f7 fd	1
e8 f8 ff	1
e8 f9 02	1
e8 f9 eb	1
e8 f9 f3	1
e8 f9 f7	1
e8 f9 f9	1
e8 fb 06	1
e8 fd 19	1
e8 ff f6	1
e9 0d 00	1
e9 14 00	1
e9 2d 01	1
e9 38 02	1
e9 41 02	1
e9 4c 89	1
e9 6b 03	1
e9 6f 01	1
e9 73 ff	1
e9 7b ff	1
e9 83 00	1
e9 93 00	1
e9 95 01	1
e9 97 02	1
e9 b1 02	1
e9 d1 00	1
e9 eb 01	1
e9 ff 00	1
e9 ff ff	1
ea 05 00	1
ea 3f 48	1
ea 4c 89	1
ea 6b 20	1
ea be ff	1
ea d4 ff	1
ea d7 ff	1
ea ec ff	1
ea f6 ff	1
eb 0a 8b	1
eb 0e 48	1
eb 0e 8b	1
eb 11 00	1
eb 19 48	1
eb 24 83	1
eb 25 48	1
eb 27 00	1
eb 33 48	1
eb 35 40	1
eb 37 48	1
eb f7 ff	1
ec 08 e8	1
ec 0f 00	1
ec 13 00	1
ec 26 00	1
ec 40 48	1
ec 44 89	1
ec 48 40	1
ec 60 48	1
ec df ff	1
ec e2 ff	1
ec f5 ff	1
ed 03 00	1
ed 12 00	1
ed 5d c3	1
ee 04 05	1
ee 39 40	1
ee 48 89	1
ee f3 ff	1
ee ff ff	1
ef 00 00	1
ef 08 00	1
ef 30 00	1
f0 01 84	1
f0 04 00	1
f0 25 05	1
f0 33 40	1
f0 49 40	1
f0 4c 40	1
f0 4d 40	1
f0 50 54	1
f0 51 40	1
f0 75 dd	1
f0 7d 00	1
f0 80 60	1
f0 da ff	1
f0 eb 04	1
f1 05 05	1
f1 1b 4d	1
f2 0f 2a	1
f2 0f 5c	1
f2 11 4d	1
f2 6b 20	1
f2 dd ff	1
f2 f8 ff	1
f3 48 8d	1
f3 c3 0f	1
f3 c3 66	1
f4 01 00	1
f4 02 00	1
f4 04 00	1
f4 06 00	1
f4 08 8a	1
f4 09 28	1
f4 0b 00	1
f4 10 00	1
f4 13 00	1
f4 48 8b	1
f4 5d bf	1
f4 89 45	1
f4 89 55	1
f4 89 d6	1
f4 da ff	1
f4 e4 ff	1
f4 e5 ff	1
f4 ee ff	1
f5 02 00	1
f5 0e 00	1
f5 1c a0	1
f5 fe ff	1
f6 04 00	1
f6 08 00	1
f6 12 87	1
f6 13 40	1
f6 14 40	1
f6 15 00	1
f6 15 40	1
f6 17 40	1
f6 28 00	1
f6 f4 ff	1
f6 f8 ff	1
f7 de ff	1
f8 01 83	1
f8 03 48	1
f8 08 00	1
f8 09 d0	1
f8 0a 00	1
f8 0b 00	1
f8 0e 00	1
f8 0e 48	1
f8 10 48	1
f8 11 00	1
f8 13 7e	1
f8 15 00	1
f8 16 00	1
f8 21 d0	1
f8 46 40	1
f8 48 3b	1
f8 7f 00	1
f8 80 60	1
f8 89 02	1
f8 89 75	1
f8 8b 00	1
f8 da ff	1
f8 db ff	1
f8 ee ff	1
f8 f0 ff	1
f8 f2 0f	1
f9 37 40	1
f9 e2 ff	1
fa 07 00	1
fa 1b 00	1
fa 1d 00	1
fa 6b 20	1
fa d2 ff	1
fa ee ff	1
fa f8 ff	1
fb 0d 00	1
fb 11 00	1
fb 16 00	1
fc 01 81	1
fc 04 00	1
fc 05 00	1
fc 09 00	1
fc 0a 00	1
fc 0c 00	1
fc 0f af	1
fc 10 00	1
fc 11 00	1
fc 12 00	1
fc 13 00	1
fc 1a 05	1
fc 24 00	1
fc 4a 40	1
fc 89 45	1
fc 9f 86	1
fc b9 ff	1
fc e0 ff	1
fc f7 d0	1
fc fe ff	1
fd 00 00	1
fd 03 3a	1
fd 03 48	1
fd 04 05	1
fd 10 05	1
fd 19 00	1
fd 20 00	1
fd 2c 00	1
fe 05 00	1
fe 06 00	1
fe 52 40	1
fe df ff	1
ff 01 13	1
ff 03 15	1
ff 03 19	1
ff 03 25	1
ff 03 35	1
ff 06 00	1
ff 14 dc	1
ff 25 02	1
ff 25 05	1
ff 25 0a	1
ff 25 12	1
ff 25 1a	1
ff 25 22	1
ff 25 2a	1
ff 25 32	1
ff 25 3a	1
ff 25 42	1
ff 25 4a	1
ff 25 52	1
ff 25 d4	1
ff 25 da	1
ff 25 e2	1
ff 25 ea	1
ff 25 f2	1
ff 25 fa	1
ff 31 00	1
ff 35 d2	1
ff 41 56	1
ff 41 ff	1
ff 48 39	1
ff 49 89	1
ff 4c 8d	1
ff 83 7d	1
ff 83 f0	1
ff 84 c0	1
ff 8b 45	1
ff ba 08	1
ff be 50	1
ff bf 00	1
ff bf 10	1
ff bf 58	1
ff e8 a0	1
ff e9 14	1
ff e9 16	1
ff e9 2a	1
ff e9 44	1
ff e9 80	1
ff e9 ae	1
ff e9 b1	1
ff e9 d4	1
ff e9 d6	1
ff e9 e1	1
ff e9 e8	1
ff eb 0e	1
ff eb 24	1
ff eb 2f	1
ff eb 43	1
ff eb 57	1
ff eb 6b	1
ff eb 7f	1
ff f4 66	1
ff ff 02	1
ff ff 04	1
ff ff 06	1
ff ff 12	1
ff ff 1d	1
ff ff 1e	1
ff ff 2a	1
ff ff 2b	1
ff ff 2f	1
ff ff 35	1
ff ff 37	1
ff ff 39	1
ff ff 53	1
ff ff 55	1
ff ff 5a	1
ff ff 69	1
ff ff 73	1
ff ff 84	1
ff ff 85	1
ff ff 8b	1
ff ff 8e	1
ff ff 90	1
ff ff ad	1
ff ff b0	1
ff ff bc	1
ff ff c6	1
ff ff d0	1
ff ff ea	1
ff ff f9	1
