61 76 61	16
61 2f 6c	11
6c 61 6e	11
6e 67 2f	11
4c 6a 61	8
00 00 00	7
69 6e 67	6
74 72 69	6
2f 53 74	5
6a 61 76	5
72 69 6e	5
76 61 2f	5
00 01 00	4
53 74 72	4
01 00 13	3
0a 00 0b	3
2f 6c 61	3
61 6e 67	3
65 63 74	3
67 3b 29	3
00 00 02	2
00 00 06	2
00 14 00	2
01 00 07	2
01 00 0e	2
01 00 10	2
01 00 16	2
01 00 17	2
01 00 2d	2
07 00 33	2
0b 00 2c	2
10 6a 61	2
13 6a 61	2
17 00 00	2
29 4c 6a	2
29 56 01	2
2d 28 4c	2
2f 49 6e	2
2f 4f 62	2
2f 50 72	2
2f 75 74	2
3b 01 00	2
42 75 69	2
4c 69 73	2
61 2f 69	2
61 2f 75	2
61 62 6c	2
62 6a 65	2
64 65 72	2
65 67 65	2
65 72 01	2
67 2f 53	2
69 6c 2f	2
69 6c 64	2
69 6f 2f	2
6c 65 01	2
6e 67 42	2
6e 74 53	2
6e 74 65	2
72 3b 01	2
72 65 61	2
72 6f 67	2
74 01 00	2
74 3b 29	2
74 69 6c	2
75 74 69	2
b1 00 00	2
00 00 01	1
00 00 04	1
00 00 0c	1
00 00 1e	1
00 00 46	1
00 00 88	1
00 01 b1	1
00 02 00	1
00 02 59	1
00 03 28	1
00 03 4c	1
00 03 61	1
00 03 6f	1
00 04 43	1
00 04 73	1
00 05 2a	1
00 05 6b	1
00 06 61	1
00 06 72	1
00 08 02	1
00 0a 00	1
00 0a 07	1
00 0a 53	1
00 0a bb	1
00 0b 00	1
00 0e 2b	1
00 0e 6a	1
00 0f b6	1
00 11 b1	1
00 12 00	1
00 13 00	1
00 14 28	1
00 15 00	1
00 15 01	1
00 15 28	1
00 15 4c	1
00 15 6a	1
00 16 00	1
00 16 28	1
00 1d 00	1
00 1f 0a	1
00 20 00	1
00 21 00	1
00 21 06	1
00 22 00	1
00 23 0b	1
00 26 00	1
00 27 09	1
00 2a 0a	1
00 2b 0a	1
00 2d 0a	1
00 2f 00	1
00 30 07	1
00 32 01	1
00 33 00	1
00 35 00	1
00 36 07	1
00 38 00	1
00 39 07	1
00 3a 00	1
00 3b 07	1
00 3d 00	1
00 3e 07	1
00 40 00	1
00 41 01	1
00 42 00	1
00 43 0c	1
00 45 00	1
00 46 07	1
00 48 00	1
00 49 01	1
00 4a 0a	1
01 00 00	1
01 00 03	1
01 00 04	1
01 00 05	1
01 00 06	1
01 00 08	1
01 00 0a	1
01 00 0d	1
01 00 0f	1
01 00 11	1
01 00 15	1
01 00 1c	1
02 00 17	1
02 00 1d	1
02 00 1e	1
02 00 57	1
02 01 a7	1
02 fd 00	1
03 00 00	1
03 28 29	1
04 00 09	1
04 14 00	1
04 6d 61	1
05 00 03	1
05 70 72	1
06 00 01	1
06 00 08	1
06 3c 69	1
06 40 59	1
07 00 00	1
07 00 10	1
07 00 1b	1
07 00 28	1
07 00 31	1
07 00 34	1
07 00 37	1
07 00 3c	1
07 00 3f	1
07 00 47	1
07 70 72	1
07 76 61	1
07 b9 00	1
08 00 07	1
08 00 22	1
08 74 6f	1
09 00 18	1
09 00 28	1
09 b2 00	1
0a 00 02	1
0a 00 13	1
0a 70 72	1
0b 00 1e	1
0b 00 24	1
0b 00 2e	1
0b 59 b7	1
0c 00 02	1
0c 00 42	1
0c 00 45	1
0c 12 0d	1
0d 00 1a	1
0d 53 74	1
0d b6 00	1
0e 6a 61	1
0e 73 6f	1
0f 4c 69	1
10 00 08	1
10 07 a2	1
10 b6 00	1
11 6a 61	1
13 00 1e	1
13 28 4c	1
15 28 4c	1
16 00 00	1
16 28 49	1
17 6a 61	1
18 00 19	1
19 00 01	1
1a 00 00	1
1b 01 fa	1
1b 2b b8	1
1c 00 00	1
1d 00 01	1
1e 00 07	1
1e 07 00	1
1e 08 00	1
1e 0a 00	1
20 0c 00	1
22 00 07	1
24 00 25	1
25 0a 00	1
28 00 0b	1
28 00 29	1
28 29 4c	1
28 29 56	1
28 4c 6a	1
28 5b 4c	1
29 07 00	1
29 44 01	1
29 56 00	1
2a b7 00	1
2b b6 00	1
2c 00 0c	1
2c 0a 00	1
2e 0a 00	1
2e 6a 61	1
2f 41 72	1
2f 4c 69	1
2f 4d 61	1
2f 53 79	1
31 07 00	1
33 01 00	1
33 0c 00	1
34 0c 00	1
37 0c 00	1
3b 29 5a	1
3c 0c 00	1
3d 1c 10	1
3e 01 00	1
3f 0c 00	1
42 00 44	1
43 6f 64	1
43 6f 6c	1
44 0c 00	1
45 00 0d	1
46 69 6c	1
46 bb 00	1
47 0c 00	1
49 29 4c	1
4c 03 3d	1
4d 61 70	1
4f 62 6a	1
4f 66 01	1
53 6f 75	1
56 01 00	1
57 84 02	1
59 00 00	1
59 b7 00	1
5a 01 00	1
61 0c 00	1
61 64 64	1
61 69 6e	1
61 6c 75	1
61 6d 01	1
61 6d 3b	1
61 70 70	1
61 72 72	1
61 74 68	1
61 79 4c	1
62 65 72	1
63 65 46	1
63 6b 4d	1
63 74 3b	1
64 01 00	1
64 20 61	1
64 65 01	1
65 4e 75	1
65 72 3b	1
67 01 00	1
67 2f 4f	1
67 36 01	1
67 36 2e	1
67 3b 01	1
67 42 75	1
68 01 00	1
69 6e 65	1
69 6e 69	1
69 73 74	1
69 74 3e	1
6a 65 63	1
6b 8e b8	1
6c 2f 43	1
6c 2f 4c	1
6c 64 65	1
6c 65 07	1
6c 6c 65	1
6c 6e 01	1
6d 01 00	1
6e 01 00	1
6e 64 01	1
6e 64 6f	1
6e 74 6c	1
6f 53 74	1
6f 6d 01	1
6f 6e 73	1
6f 72 74	1
6f 75 74	1
70 54 61	1
70 65 6e	1
72 54 61	1
72 61 6e	1
72 61 79	1
72 72 61	1
72 74 01	1
73 01 00	1
73 6f 72	1
73 74 01	1
73 74 07	1
74 61 63	1
74 65 64	1
74 65 6d	1
74 69 6f	1
75 65 4f	1
75 69 6c	1
75 6d 62	1
75 72 63	1
79 3a 20	1
79 73 74	1
88 00 05	1
a2 00 1b	1
a7 ff e5	1
b6 00 10	1
b7 00 0c	1
b8 00 04	1
b8 00 07	1
b8 00 09	1
ba be 00	1
bb 00 0b	1
ca fe ba	1
e5 2b b8	1
fa 00 1d	1
