01 00	27
00 00	17
61 76	16
61 2f	15
6e 67	13
07 00	12
6c 61	11
4c 6a	8
69 6e	8
2f 53	6
74 72	6
00 01	5
00 15	5
0a 00	5
0b 00	5
6a 61	5
6e 74	5
72 69	5
76 61	5
00 03	4
00 0a	4
02 00	4
53 74	4
67 3b	4
69 6c	4
00 14	3
0c 00	3
29 56	3
2f 6c	3
61 6e	3
64 65	3
65 63	3
65 72	3
67 2f	3
6c 65	3
74 69	3
b8 00	3
00 02	2
00 04	2
00 05	2
00 06	2
00 0e	2
00 16	2
00 21	2
06 00	2
08 00	2
09 00	2
10 6a	2
13 6a	2
17 00	2
28 00	2
28 29	2
29 4c	2
2d 28	2
2f 49	2
2f 4f	2
2f 50	2
2f 75	2
3b 01	2
42 75	2
43 6f	2
4c 69	2
61 62	2
61 6d	2
62 6a	2
65 67	2
67 36	2
69 6f	2
6c 2f	2
6e 64	2
72 3b	2
72 61	2
72 65	2
72 6f	2
73 74	2
74 01	2
74 3b	2
74 65	2
75 74	2
b1 00	2
00 08	1
00 0b	1
00 0f	1
00 11	1
00 12	1
00 13	1
00 1d	1
00 1f	1
00 20	1
00 22	1
00 23	1
00 26	1
00 27	1
00 2a	1
00 2b	1
00 2d	1
00 2f	1
00 30	1
00 32	1
00 33	1
00 35	1
00 36	1
00 38	1
00 39	1
00 3a	1
00 3b	1
00 3d	1
00 3e	1
00 40	1
00 41	1
00 42	1
00 43	1
00 45	1
00 46	1
00 48	1
00 49	1
00 4a	1
02 01	1
02 fd	1
03 00	1
03 28	1
04 00	1
04 14	1
04 6d	1
05 00	1
05 70	1
06 3c	1
06 40	1
07 70	1
07 76	1
07 b9	1
08 74	1
09 b2	1
0a 70	1
0b 59	1
0c 12	1
0d 00	1
0d 53	1
0d b6	1
0e 6a	1
0e 73	1
0f 4c	1
10 00	1
10 07	1
10 b6	1
11 6a	1
13 00	1
13 28	1
15 28	1
16 00	1
16 28	1
17 6a	1
18 00	1
19 00	1
1a 00	1
1b 01	1
1b 2b	1
1c 00	1
1d 00	1
1e 00	1
1e 07	1
1e 08	1
1e 0a	1
20 0c	1
22 00	1
24 00	1
25 0a	1
28 4c	1
28 5b	1
29 07	1
29 44	1
2a b7	1
2b b6	1
2c 00	1
2c 0a	1
2e 0a	1
2e 6a	1
2f 41	1
2f 4c	1
2f 4d	1
31 07	1
33 01	1
33 0c	1
34 0c	1
37 0c	1
3b 29	1
3c 0c	1
3d 1c	1
3e 01	1
3f 0c	1
42 00	1
44 0c	1
45 00	1
46 69	1
46 bb	1
47 0c	1
49 29	1
4c 03	1
4d 61	1
4f 62	1
4f 66	1
53 6f	1
56 01	1
57 84	1
59 00	1
59 b7	1
5a 01	1
61 0c	1
61 64	1
61 69	1
61 6c	1
61 70	1
61 72	1
61 74	1
61 79	1
62 65	1
63 65	1
63 6b	1
63 74	1
64 01	1
64 20	1
65 4e	1
67 01	1
67 42	1
68 01	1
69 73	1
69 74	1
6a 65	1
6b 8e	1
6c 64	1
6c 6c	1
6c 6e	1
6d 01	1
6e 01	1
6f 53	1
6f 6d	1
6f 6e	1
6f 72	1
6f 75	1
70 54	1
70 65	1
72 54	1
72 72	1
72 74	1
73 01	1
73 6f	1
74 61	1
75 65	1
75 69	1
75 6d	1
75 72	1
79 3a	1
79 73	1
88 00	1
a2 00	1
a7 ff	1
b6 00	1
b7 00	1
ba be	1
bb 00	1
ca fe	1
e5 2b	1
fa 00	1
