01 00	45
00 00	35
6e 67	22
76 61	22
61 76	21
6a 61	21
61 2f	20
07 00	15
61 6e	15
2f 6c	14
67 2f	14
69 6e	14
6c 61	14
0c 00	12
4c 6a	11
53 74	11
72 69	11
0a 00	10
74 72	10
00 01	9
2f 53	8
69 6c	8
00 02	6
00 03	6
00 07	6
00 0b	6
00 15	6
0b 00	6
3b 29	6
65 72	6
00 04	5
00 06	5
00 0a	5
00 13	5
02 00	5
28 4c	5
3b 01	5
6e 74	5
74 69	5
75 74	5
00 05	4
00 08	4
00 0e	4
00 10	4
00 16	4
00 1e	4
29 4c	4
29 56	4
2f 75	4
4c 69	4
63 74	4
64 65	4
65 63	4
67 3b	4
6c 2f	4
6c 65	4
73 74	4
74 01	4
74 65	4
b6 00	4
00 0c	3
00 14	3
00 17	3
00 1d	3
00 2d	3
00 33	3
08 00	3
14 00	3
28 29	3
2f 4f	3
42 75	3
4f 62	3
56 01	3
62 6a	3
65 01	3
67 42	3
69 6f	3
69 73	3
6a 65	3
6c 64	3
6d 01	3
70 72	3
72 3b	3
72 61	3
74 3b	3
75 69	3
b7 00	3
b8 00	3
00 09	2
00 0d	2
00 0f	2
00 11	2
00 1b	2
00 21	2
00 22	2
00 28	2
00 2c	2
00 42	2
00 45	2
00 46	2
03 28	2
06 00	2
09 00	2
0e 6a	2
10 6a	2
13 00	2
13 6a	2
15 28	2
16 00	2
16 28	2
17 00	2
1d 00	2
22 00	2
28 00	2
2b b8	2
2d 28	2
2f 49	2
2f 4c	2
2f 50	2
2f 69	2
42 00	2
43 6f	2
45 00	2
49 6e	2
4d 61	2
50 72	2
54 61	2
59 b7	2
61 62	2
61 6d	2
61 70	2
61 79	2
62 6c	2
64 01	2
65 61	2
65 67	2
67 36	2
67 65	2
6e 01	2
6e 64	2
6f 2f	2
6f 67	2
6f 72	2
6f 75	2
72 01	2
72 65	2
72 6f	2
72 72	2
72 74	2
73 6f	2
74 53	2
b1 00	2
bb 00	2
00 12	1
00 18	1
00 19	1
00 1a	1
00 1c	1
00 1f	1
00 20	1
00 23	1
00 24	1
00 25	1
00 26	1
00 27	1
00 29	1
00 2a	1
00 2b	1
00 2e	1
00 2f	1
00 30	1
00 31	1
00 32	1
00 34	1
00 35	1
00 36	1
00 37	1
00 38	1
00 39	1
00 3a	1
00 3b	1
00 3c	1
00 3d	1
00 3e	1
00 3f	1
00 40	1
00 41	1
00 43	1
00 44	1
00 47	1
00 48	1
00 49	1
00 4a	1
00 57	1
00 88	1
01 a7	1
01 b1	1
01 fa	1
02 01	1
02 59	1
02 fd	1
03 00	1
03 3d	1
03 4c	1
03 61	1
03 6f	1
04 00	1
04 14	1
04 43	1
04 6d	1
04 73	1
05 00	1
05 2a	1
05 6b	1
05 70	1
06 3c	1
06 40	1
06 61	1
06 72	1
07 70	1
07 76	1
07 a2	1
07 b9	1
08 02	1
08 74	1
09 b2	1
0a 07	1
0a 53	1
0a 70	1
0a bb	1
0b 59	1
0c 12	1
0d 00	1
0d 53	1
0d b6	1
0e 2b	1
0e 73	1
0f 4c	1
0f b6	1
10 00	1
10 07	1
10 b6	1
11 6a	1
11 b1	1
12 00	1
12 0d	1
13 28	1
14 28	1
15 00	1
15 01	1
15 4c	1
15 6a	1
17 6a	1
18 00	1
19 00	1
1a 00	1
1b 01	1
1b 2b	1
1c 00	1
1c 10	1
1e 00	1
1e 07	1
1e 08	1
1e 0a	1
1f 0a	1
20 00	1
20 0c	1
20 61	1
21 00	1
21 06	1
23 0b	1
24 00	1
25 0a	1
26 00	1
27 09	1
28 49	1
28 5b	1
29 07	1
29 44	1
29 5a	1
2a 0a	1
2a b7	1
2b 0a	1
2b b6	1
2c 00	1
2c 0a	1
2d 0a	1
2e 0a	1
2e 6a	1
2f 00	1
2f 41	1
2f 43	1
2f 4d	1
30 07	1
31 07	1
32 01	1
33 00	1
33 01	1
33 0c	1
34 0c	1
35 00	1
36 01	1
36 07	1
36 2e	1
37 0c	1
38 00	1
39 07	1
3a 00	1
3a 20	1
3b 07	1
3c 0c	1
3c 69	1
3d 00	1
3d 1c	1
3e 01	1
3e 07	1
3f 0c	1
40 00	1
40 59	1
41 01	1
41 72	1
43 0c	1
44 01	1
44 0c	1
46 07	1
46 69	1
46 bb	1
47 0c	1
48 00	1
49 01	1
49 29	1
4a 0a	1
4c 03	1
4e 75	1
4f 66	1
53 6f	1
53 79	1
56 00	1
57 84	1
59 00	1
5a 01	1
5b 4c	1
61 0c	1
61 63	1
61 64	1
61 69	1
61 6c	1
61 72	1
61 74	1
62 65	1
63 65	1
63 6b	1
64 20	1
64 64	1
64 6f	1
65 07	1
65 46	1
65 4e	1
65 4f	1
65 64	1
65 6d	1
65 6e	1
66 01	1
67 01	1
68 01	1
69 74	1
6b 4d	1
6b 8e	1
6c 6c	1
6c 6e	1
6c 75	1
6d 3b	1
6d 61	1
6d 62	1
6e 65	1
6e 69	1
6e 73	1
6f 53	1
6f 64	1
6f 6c	1
6f 6d	1
6f 6e	1
70 54	1
70 65	1
70 70	1
72 54	1
72 63	1
73 01	1
74 07	1
74 3e	1
74 61	1
74 68	1
74 6c	1
74 6f	1
75 65	1
75 6d	1
75 72	1
79 3a	1
79 4c	1
79 73	1
84 02	1
88 00	1
8e b8	1
a2 00	1
a7 ff	1
b2 00	1
b9 00	1
ba be	1
be 00	1
ca fe	1
e5 2b	1
fa 00	1
fd 00	1
fe ba	1
ff e5	1
