00 00 00	5207
40 00 00	343
48 89 c7	276
89 c7 e8	270
48 8b 45	265
00 00 22	197
22 00 0d	187
08 00 00	183
00 41 0e	174
0e 10 86	174
43 0d 06	174
86 02 43	174
ff ff 48	171
1c 00 00	165
00 00 1c	161
55 48 89	150
0c 07 08	145
00 5f 5a	134
48 89 7d	127
89 e5 48	119
00 00 48	118
00 00 12	116
ff ff ff	116
00 48 89	112
60 00 00	102
74 6f 72	97
12 00 00	96
ff 48 89	95
5f 5a 4e	93
48 83 ec	92
7d f8 48	92
45 f8 48	81
6f 72 49	77
53 61 49	70
01 00 00	68
48 89 75	63
63 74 6f	63
07 00 00	62
48 8d 85	59
65 63 74	59
00 48 8b	58
00 00 01	57
00 00 07	54
1a 00 00	53
c9 c3 55	53
61 74 6f	52
ff ff be	52
5a 4e 53	51
00 00 04	50
5d c3 55	50
48 8b 55	49
00 00 03	48
49 6e 74	48
4e 53 74	48
53 65 71	48
74 5f 53	48
45 76 00	47
49 69 45	47
6e 74 5f	47
ec 10 48	47
20 00 68	46
53 74 31	46
c3 90 55	46
37 49 6e	45
5f 53 65	45
75 f0 48	45
8b 45 f8	45
5f 00 5f	44
89 d6 48	44
0e 00 00	43
69 45 45	43
5f 5f 67	42
61 49 69	42
69 74 65	42
74 65 72	42
76 00 5f	41
76 65 63	41
02 00 00	40
36 76 65	40
40 00 48	40
45 45 45	40
45 e8 48	40
53 74 36	40
62 61 73	40
63 78 78	40
67 6e 75	40
74 36 76	40
d6 48 89	40
5f 63 78	39
75 5f 63	39
00 00 24	38
00 00 c9	38
69 53 61	38
00 00 1a	36
39 5f 5f	36
55 e8 48	35
00 00 02	34
4e 39 5f	34
5f 62 61	34
5f 67 6e	34
65 72 61	34
6e 75 5f	34
fd ff ff	34
fe ff ff	34
00 00 08	33
00 00 20	33
48 89 d6	33
48 8b 00	33
5a 53 74	33
48 89 c3	32
49 69 53	32
6f 72 5f	32
f3 ff ff	32
24 00 00	31
72 49 69	31
78 78 31	31
8b 45 e8	31
d8 48 89	31
ff 48 8d	31
04 00 00	30
48 89 55	30
89 ce 48	30
53 48 83	29
61 73 65	29
89 c3 48	29
e8 48 89	29
ec 20 48	29
48 89 e5	28
53 31 5f	28
5d 40 00	28
00 00 10	27
20 00 00	27
37 5f 5f	27
73 74 72	27
49 37 49	26
4c 49 42	26
5f 45 45	26
5f 5a 53	26
72 61 74	26
89 c2 48	26
00 00 06	25
05 00 00	25
09 00 00	25
30 5f 45	25
40 47 4c	25
5f 6e 6f	25
6d 61 6c	25
8b 45 d8	25
ce 48 89	25
e0 48 89	25
00 00 0e	24
03 00 00	24
06 45 83	24
31 32 5f	24
31 37 5f	24
48 89 c2	24
48 89 ce	24
5f 5f 6e	24
6c 5f 69	24
6f 72 6d	24
c3 55 48	24
e8 48 8b	24
00 c9 c3	23
06 00 00	23
48 83 c4	23
5f 69 74	23
61 6c 5f	23
6c 6c 6f	23
d0 48 89	23
ff 48 8b	23
00 00 eb	22
25 00 00	22
32 5f 56	22
45 d8 48	22
45 f0 48	22
48 8d 45	22
53 32 5f	22
54 30 5f	22
56 65 63	22
61 6c 6c	22
65 71 53	22
6c 6f 63	22
6e 6f 72	22
72 5f 62	22
72 6d 61	22
73 65 49	22
8b 00 48	22
c2 48 8b	22
12 00 0d	21
45 c8 48	21
53 30 5f	21
74 31 32	21
78 31 37	21
00 00 14	20
31 00 00	20
48 89 45	20
5f 61 6c	20
61 49 53	20
6f 70 79	20
72 49 50	20
8d 85 c0	20
00 00 0a	19
00 00 84	19
06 55 0c	19
08 48 8b	19
48 8b 40	19
5a 4e 39	19
5f 33 2e	19
a8 f3 ff	19
ff ff 1a	19
00 00 f8	18
00 00 ff	18
00 48 8d	18
0a 00 00	18
14 00 00	18
45 b8 48	18
47 4c 49	18
49 42 43	18
5f 63 6f	18
6e 69 74	18
6f 63 61	18
7d e8 48	18
89 e5 53	18
00 00 0c	17
00 00 11	17
00 00 4c	17
00 00 9c	17
00 00 e8	17
06 49 0c	17
2d 00 00	17
2e 34 00	17
31 5f 45	17
40 40 47	17
42 43 58	17
45 52 4b	17
45 88 48	17
48 8b 4d	17
49 53 31	17
58 58 5f	17
5f 56 65	17
63 61 74	17
8b 45 b8	17
8b 45 c8	17
90 14 40	17
c3 48 8b	17
f0 48 89	17
f2 0f 10	17
ff ff 0e	17
00 00 2c	16
00 00 44	16
00 5f 5f	16
0c 00 00	16
31 45 76	16
48 8b 85	16
49 50 69	16
72 65 61	16
c0 f3 ff	16
f8 48 8b	16
ff ff f2	16
00 00 38	15
00 00 46	15
00 00 54	15
00 00 58	15
00 00 7c	15
00 00 d8	15
07 08 00	15
10 00 00	15
43 31 45	15
45 d0 48	15
50 37 49	15
54 5f 53	15
55 d8 48	15
55 f0 48	15
89 7d e8	15
ff be 90	15
00 00 05	14
00 00 3c	14
00 00 74	14
00 00 98	14
00 00 f0	14
14 40 00	14
1d 00 00	14
29 00 00	14
49 50 37	14
52 4b 53	14
5b 5d c3	14
63 6f 70	14
75 e0 48	14
8b 45 f0	14
cc cc cc	14
de 48 89	14
f8 48 89	14
00 00 18	13
00 00 25	13
00 00 31	13
00 00 34	13
00 00 40	13
00 00 6c	13
00 00 fc	13
11 00 00	13
32 45 76	13
33 6e 65	13
46 00 00	13
48 89 de	13
5a 4e 4b	13
65 77 5f	13
69 53 74	13
71 53 61	13
74 31 31	13
78 31 33	13
85 c0 f3	13
89 75 e0	13
89 d0 48	13
8b 45 88	13
be 90 14	13
c0 48 89	13
d8 48 8b	13
e0 48 8b	13
e0 fd ff	13
00 00 30	12
00 00 b8	12
00 00 f4	12
03 48 89	12
07 08 1c	12
31 5f 00	12
41 54 53	12
45 45 31	12
49 53 30	12
58 00 00	12
5f 54 30	12
5f 74 72	12
61 69 74	12
65 00 00	12
65 72 5f	12
65 73 74	12
69 74 73	12
72 5f 74	12
72 61 69	12
74 72 61	12
74 73 49	12
76 65 5f	12
83 03 02	12
84 c0 74	12
85 e0 fd	12
89 e5 41	12
8b 55 d8	12
c2 48 89	12
c8 48 89	12
ff 48 83	12
ff ff 8b	12
ff ff c9	12
00 00 94	11
00 00 bc	11
00 48 83	11
0b 00 00	11
43 58 58	11
45 e0 48	11
45 f8 5d	11
48 89 d7	11
48 c1 f8	11
49 54 5f	11
50 08 48	11
50 4b 63	11
5a 4e 37	11
61 6d 49	11
65 49 69	11
69 6e 69	11
6d 6f 76	11
74 31 33	11
74 72 6f	11
79 5f 6d	11
89 75 d0	11
8b 55 e8	11
be 00 00	11
e5 48 83	11
ff f2 0f	11
ff ff 01	11
00 00 26	10
00 00 29	10
00 00 2d	10
00 00 50	10
00 00 7a	10
00 00 8c	10
00 00 b4	10
00 00 b6	10
00 00 c0	10
00 00 dc	10
00 c7 45	10
02 00 03	10
03 00 02	10
06 47 8c	10
06 60 0c	10
18 00 00	10
40 08 48	10
44 31 45	10
45 43 31	10
45 43 32	10
49 50 4b	10
49 63 45	10
4b 69 53	10
53 74 32	10
5f 54 5f	10
5f 5f 63	10
73 49 63	10
83 c0 08	10
89 de 48	10
8b 45 c0	10
8b 45 d0	10
8c 03 83	10
f5 ff ff	10
ff ff 25	10
ff ff 31	10
00 00 65	9
00 00 80	9
00 00 88	9
00 00 8b	9
00 00 a0	9
00 00 c7	9
00 00 ec	9
02 00 02	9
06 6c 0c	9
10 85 a8	9
22 00 00	9
2e 32 2e	9
2e 35 00	9
30 5f 00	9
31 31 63	9
31 5f 53	9
32 2e 32	9
32 2e 35	9
33 2e 34	9
42 43 5f	9
43 32 45	9
43 5f 32	9
45 45 43	9
48 29 c2	9
48 8b 95	9
48 8d 50	9
49 4c 62	9
49 4e 39	9
49 63 53	9
4c 62 30	9
4d e0 48	9
50 69 53	9
58 5f 33	9
5f 32 2e	9
5f 69 6e	9
5f 73 74	9
61 72 5f	9
61 74 65	9
62 30 45	9
63 45 45	9
63 5f 6f	9
63 68 61	9
65 71 45	9
73 69 63	9
7e 40 00	9
85 a8 f3	9
85 f0 fd	9
89 55 d8	9
89 c4 48	9
8b 45 a8	9
8d 85 e0	9
be 54 5d	9
c8 48 8b	9
d0 48 c1	9
d8 8d 60	9
f1 ff ff	9
f4 ff ff	9
f9 ff ff	9
ff ff 14	9
ff ff 34	9
ff ff 44	9
ff ff 4c	9
ff ff 84	9
ff ff 89	9
ff ff e4	9
00 00 16	8
00 00 21	8
00 00 28	8
00 00 32	8
00 00 42	8
00 00 56	8
00 00 59	8
00 00 5c	8
00 00 64	8
00 00 66	8
00 00 7e	8
00 00 a6	8
00 00 cc	8
00 00 d2	8
00 00 e9	8
06 68 0c	8
08 48 89	8
0d 00 26	8
0f 00 00	8
18 48 89	8
1f 00 00	8
20 48 89	8
34 00 00	8
35 00 5f	8
3c 00 00	8
41 bc 00	8
44 00 00	8
45 31 33	8
45 45 4e	8
48 89 85	8
48 89 d8	8
48 8d 95	8
48 c1 e0	8
5f 44 65	8
5f 4d 5f	8
5f 53 32	8
69 7a 65	8
6e 69 6e	8
6f 79 49	8
71 53 74	8
72 49 37	8
76 40 40	8
83 ec 18	8
83 ec 20	8
88 48 89	8
89 d8 48	8
89 e2 48	8
8b 45 e0	8
e2 ff ff	8
e3 ff ff	8
f0 ff ff	8
f8 48 8d	8
ff 8b 55	8
ff ff 04	8
ff ff 24	8
ff ff 2d	8
ff ff 3c	8
ff ff 54	8
ff ff b4	8
00 00 09	7
00 00 41	7
00 00 49	7
00 00 60	7
00 00 78	7
00 00 83	7
00 00 89	7
00 00 9a	7
00 00 9e	7
00 00 a4	7
00 00 a8	7
00 00 ac	7
00 00 b2	7
00 00 ba	7
00 00 d4	7
00 00 de	7
00 00 e4	7
00 00 ea	7
00 00 f6	7
00 49 89	7
0f 10 85	7
10 48 8b	7
10 fe ff	7
26 00 00	7
30 00 00	7
30 5f 53	7
30 5f 54	7
31 33 6e	7
31 34 62	7
31 63 68	7
34 00 5f	7
3e 00 00	7
40 10 48	7
45 54 30	7
45 a8 48	7
45 b0 48	7
48 08 48	7
48 3b 45	7
48 89 50	7
48 8b 48	7
4b 53 74	7
4e 53 6f	7
50 4b 69	7
53 33 5f	7
53 39 5f	7
54 31 5f	7
54 5d 40	7
55 e0 48	7
5b 41 5c	7
5f 40 00	7
5f 53 61	7
5f 6f 66	7
61 6c 69	7
61 73 69	7
63 53 74	7
65 67 69	7
68 61 72	7
69 63 5f	7
69 73 74	7
6e 65 77	7
6f 66 73	7
6f 6c 73	7
6f 75 74	7
6f 76 65	7
70 79 5f	7
72 49 53	7
73 65 45	7
73 69 7a	7
77 5f 61	7
7a 65 45	7
7d f0 48	7
83 04 02	7
84 00 00	7
89 7d d8	7
89 85 a8	7
93 60 00	7
a8 48 89	7
b0 48 89	7
b8 00 00	7
b8 48 89	7
b8 48 8b	7
be 52 5d	7
c0 48 8b	7
c3 48 8d	7
e5 ff ff	7
f0 fd ff	7
ff be 54	7
ff ff 1c	7
ff ff 64	7
ff ff a4	7
ff ff c4	7
ff ff d4	7
ff ff f4	7
00 00 0b	6
00 00 1b	6
00 00 2b	6
00 00 36	6
00 00 37	6
00 00 3d	6
00 00 5e	6
00 00 68	6
00 00 6a	6
00 00 77	6
00 00 85	6
00 00 86	6
00 00 8a	6
00 00 90	6
00 00 96	6
00 00 b0	6
00 00 be	6
00 00 bf	6
00 00 c4	6
00 00 da	6
00 00 ee	6
00 4c 89	6
00 eb 05	6
02 00 0d	6
06 64 0c	6
13 00 00	6
15 00 00	6
1b 00 00	6
2c 00 00	6
30 5f 5f	6
31 34 5f	6
31 5f 54	6
32 00 00	6
32 45 52	6
32 5f 00	6
32 5f 5f	6
33 5f 5f	6
3d 00 00	6
40 00 bf	6
41 5c 5d	6
45 31 32	6
45 44 31	6
45 45 37	6
45 50 69	6
45 54 31	6
45 c0 48	6
48 01 d0	6
48 39 c2	6
48 83 c0	6
48 8b 10	6
48 c7 00	6
4d f0 48	6
4e 37 49	6
50 69 45	6
54 5f 54	6
5f 45 31	6
5f 53 34	6
5f 5f 61	6
5f 5f 75	6
5f 61 49	6
5f 69 6d	6
5f 74 79	6
62 61 63	6
63 00 5f	6
65 45 53	6
65 49 4e	6
65 64 5f	6
65 6e 64	6
69 53 30	6
69 61 6c	6
69 6e 74	6
69 74 69	6
6c 69 7a	6
6d 70 6c	6
70 65 6e	6
70 79 49	6
72 61 6d	6
72 61 6e	6
72 6f 79	6
74 38 5f	6
74 5f 61	6
74 69 61	6
75 6e 69	6
79 70 65	6
85 10 fe	6
85 58 ff	6
89 45 c0	6
89 45 e8	6
89 d7 e8	6
89 df e8	6
8d 45 c0	6
8d 85 f0	6
9a 00 00	6
a0 48 89	6
bf 20 93	6
c0 84 c0	6
c4 18 5b	6
c7 e8 d0	6
d0 48 8d	6
e0 ff ff	6
e5 53 48	6
f2 0f 11	6
f2 ff ff	6
f8 8d 60	6
ff ff 29	6
ff ff 46	6
ff ff 6c	6
ff ff bc	6
ff ff dc	6
00 00 13	5
00 00 15	5
00 00 17	5
00 00 19	5
00 00 1d	5
00 00 2a	5
00 00 2f	5
00 00 35	5
00 00 3a	5
00 00 3e	5
00 00 5d	5
00 00 70	5
00 00 76	5
00 00 8e	5
00 00 a2	5
00 00 ae	5
00 00 c6	5
00 00 c8	5
00 00 e6	5
00 00 f2	5
00 00 fa	5
00 92 60	5
00 ff ff	5
02 48 01	5
02 4c 0c	5
03 00 03	5
05 b8 00	5
06 45 0c	5
0d 00 22	5
0f 2a c0	5
10 48 89	5
10 ff ff	5
11 00 1a	5
20 48 8b	5
28 48 89	5
30 48 89	5
31 33 69	5
31 5f 4d	5
32 5f 53	5
33 5f 53	5
34 5f 53	5
34 5f 5f	5
37 5f 53	5
38 48 89	5
41 55 41	5
41 83 fc	5
42 00 00	5
45 00 5f	5
45 38 6d	5
45 44 32	5
45 45 39	5
45 45 52	5
45 45 54	5
45 76 54	5
45 d8 00	5
48 00 00	5
48 83 7d	5
48 89 c1	5
48 89 c6	5
48 89 d0	5
4b 39 5f	5
4b 53 30	5
4e 4b 53	5
4e 53 61	5
50 ff ff	5
53 34 5f	5
5e 40 00	5
5f 53 33	5
5f 63 61	5
5f 64 65	5
5f 6d 6f	5
5f 75 6e	5
60 00 e8	5
60 ff ff	5
61 49 63	5
61 75 78	5
62 31 45	5
64 5f 61	5
64 5f 63	5
65 00 5f	5
65 40 40	5
65 49 37	5
65 49 50	5
65 61 6d	5
65 6e 74	5
65 71 43	5
66 0f 2e	5
69 00 5f	5
6d 61 78	5
6e 63 65	5
6e 64 5f	5
72 69 6e	5
74 00 5f	5
74 32 30	5
74 61 72	5
74 65 45	5
74 68 72	5
74 72 65	5
74 79 70	5
78 5f 73	5
78 ff ff	5
79 49 50	5
7a 00 00	5
7a 65 64	5
7c 0c 07	5
7d f8 5d	5
80 48 89	5
83 03 7c	5
83 45 d8	5
83 c4 18	5
83 ec 28	5
83 ec 30	5
83 ec 38	5
85 20 ff	5
85 c0 f5	5
88 48 8b	5
89 45 f8	5
89 7d f0	5
8b 4d f0	5
8b 55 e0	5
8b 55 f0	5
a0 91 60	5
a8 48 8b	5
c0 48 8d	5
c1 48 8b	5
c1 e0 02	5
c7 e8 50	5
c7 e8 7e	5
c7 e8 82	5
c7 e8 e0	5
d8 48 98	5
e0 02 48	5
e4 ff ff	5
e8 8d 60	5
ec 30 48	5
f0 48 8b	5
f0 8d 60	5
f0 c9 c3	5
f2 0f 2a	5
f2 0f 5e	5
f8 03 48	5
f8 48 c7	5
ff 48 85	5
ff be 00	5
ff ff 0a	5
ff ff 0c	5
ff ff 2c	5
ff ff 58	5
ff ff 65	5
ff ff 74	5
ff ff 83	5
ff ff 94	5
ff ff 9c	5
00 00 27	4
00 00 2e	4
00 00 3f	4
00 00 47	4
00 00 4e	4
00 00 57	4
00 00 67	4
00 00 6e	4
00 00 71	4
00 00 8f	4
00 00 97	4
00 00 a7	4
00 00 b1	4
00 00 bd	4
00 00 c2	4
00 00 cd	4
00 00 d0	4
00 00 d6	4
00 00 e0	4
00 00 ef	4
00 00 f7	4
00 00 fe	4
00 02 00	4
00 5d c3	4
00 8b 00	4
00 90 60	4
00 eb 03	4
02 00 04	4
04 00 f1	4
04 48 8b	4
06 4c 0c	4
06 5d 0c	4
08 12 40	4
08 48 8d	4
0d 00 00	4
0d 00 0c	4
0d 00 80	4
0d 00 ae	4
0d 00 b6	4
0d 00 d2	4
0d 00 e4	4
0f af c2	4
14 85 00	4
17 00 00	4
18 5b 5d	4
18 ff ff	4
1c 60 40	4
1e 00 00	4
20 15 40	4
24 5d 40	4
28 48 8b	4
2f 00 00	4
30 45 50	4
30 5f 49	4
30 ff ff	4
31 2e 33	4
31 31 5f	4
31 45 52	4
33 62 61	4
37 00 00	4
38 00 00	4
38 02 40	4
38 ff ff	4
39 c3 0f	4
40 00 be	4
41 42 49	4
44 32 45	4
45 45 44	4
45 45 50	4
45 45 76	4
45 4c 62	4
45 53 37	4
45 6d 00	4
45 76 40	4
48 01 c2	4
48 29 c3	4
48 83 45	4
48 89 4d	4
48 8b 08	4
48 8d 14	4
48 8d 55	4
49 53 61	4
49 5f 31	4
49 74 65	4
4b 53 31	4
4b 53 32	4
4c 62 31	4
4c 89 e2	4
4d e8 48	4
52 53 74	4
53 36 5f	4
53 42 5f	4
53 5f 00	4
53 5f 62	4
54 02 40	4
54 5f 45	4
58 58 41	4
5c 5d c3	4
5e 00 00	4
5f 45 00	4
5f 45 54	4
5f 52 4b	4
5f 52 53	4
5f 53 31	4
5f 5f 00	4
5f 5f 64	4
5f 61 75	4
5f 6f 73	4
61 63 6b	4
61 6d 73	4
61 72 64	4
61 72 72	4
61 72 74	4
63 5f 74	4
63 6b 77	4
63 6c 6f	4
63 78 61	4
64 00 5f	4
64 65 73	4
64 69 73	4
65 45 76	4
65 73 73	4
67 65 74	4
67 69 73	4
67 72 61	4
69 45 54	4
69 64 65	4
69 6c 65	4
69 6d 70	4
69 6e 5f	4
6b 77 61	4
6d 00 5f	4
6e 45 76	4
6e 67 72	4
6f 6e 73	4
70 65 45	4
71 45 43	4
71 53 31	4
72 5f 69	4
72 61 79	4
72 75 63	4
73 74 61	4
73 74 65	4
74 00 2e	4
74 08 41	4
74 31 30	4
74 31 34	4
74 5f 63	4
74 65 5f	4
74 69 6f	4
75 f0 5d	4
76 54 5f	4
77 61 72	4
78 61 5f	4
7d 40 00	4
7d f0 00	4
7f 40 00	4
81 7d d8	4
84 85 c0	4
85 00 00	4
85 70 ff	4
85 c0 74	4
88 91 60	4
89 10 48	4
89 45 e0	4
89 50 08	4
89 50 20	4
89 55 c8	4
89 7d e0	4
89 7d f8	4
8b 18 48	4
8b 40 10	4
8b 48 08	4
8b 4d e0	4
8b 85 b0	4
8c 04 83	4
8d 03 8c	4
8d 14 85	4
8d 45 b0	4
8d 45 f0	4
8d 55 d0	4
8d 85 10	4
90 41 bc	4
90 48 89	4
91 60 00	4
b0 f3 ff	4
b8 cd cc	4
bb 01 00	4
bc 01 00	4
be 01 00	4
bf 28 00	4
c0 f9 ff	4
c0 fd ff	4
c1 e0 03	4
c2 48 b8	4
c4 28 5b	4
c6 48 89	4
c7 e8 1c	4
c7 e8 2c	4
c7 e8 32	4
c7 e8 48	4
c7 e8 6e	4
c7 e8 76	4
c7 e8 7a	4
c7 e8 80	4
c7 e8 86	4
c7 e8 90	4
c7 e8 a4	4
c7 e8 c0	4
c7 e8 ec	4
c7 e8 fc	4
c9 00 00	4
cc 48 0f	4
d0 48 8b	4
d8 01 81	4
d8 48 01	4
d8 ff 00	4
e0 48 8d	4
e2 48 89	4
eb 07 90	4
ed ff ff	4
ee ff ff	4
f1 ff 00	4
f8 02 48	4
f8 48 83	4
f8 ff ff	4
fa ff ff	4
fc 01 74	4
ff 00 00	4
ff 6f 00	4
ff 89 85	4
ff ff 00	4
ff ff 11	4
ff ff 22	4
ff ff 41	4
ff ff 5c	4
ff ff 66	4
ff ff 7c	4
ff ff 8c	4
ff ff bb	4
ff ff c7	4
00 00 0d	3
00 00 0f	3
00 00 1e	3
00 00 23	3
00 00 33	3
00 00 45	3
00 00 4a	3
00 00 4f	3
00 00 51	3
00 00 52	3
00 00 5f	3
00 00 69	3
00 00 73	3
00 00 79	3
00 00 82	3
00 00 92	3
00 00 b3	3
00 00 b7	3
00 00 b9	3
00 00 ca	3
00 00 ce	3
00 00 d3	3
00 00 d5	3
00 00 dd	3
00 00 e3	3
00 00 f1	3
00 00 f9	3
00 2e 6e	3
00 2e 73	3
00 48 29	3
00 48 85	3
00 5f 49	3
00 66 72	3
00 6c 69	3
00 83 45	3
00 84 c0	3
00 e9 10	3
00 e9 20	3
00 e9 30	3
00 e9 40	3
00 e9 50	3
00 e9 60	3
00 e9 70	3
00 e9 80	3
00 e9 90	3
00 e9 a0	3
00 e9 b0	3
00 e9 c0	3
00 e9 d0	3
00 e9 e0	3
00 f0 5f	3
01 0c 07	3
01 48 8b	3
01 78 10	3
01 c2 48	3
01 d0 48	3
02 5b 0c	3
04 00 02	3
04 0e 00	3
06 49 8d	3
06 4f 0c	3
06 57 0c	3
06 61 0c	3
06 6f 0c	3
06 79 0c	3
07 08 90	3
0d 00 0a	3
0d 00 10	3
0d 00 16	3
0d 00 20	3
0d 00 2a	3
0d 00 36	3
0d 00 40	3
0d 00 42	3
0d 00 50	3
0d 00 68	3
0d 00 82	3
0d 00 86	3
0d 00 88	3
0d 00 a2	3
0d 00 b4	3
0d 00 ce	3
0d 00 d6	3
0d 00 d8	3
0d 00 e0	3
0d 00 ee	3
0f 11 85	3
0f 1f 40	3
0f 5e c1	3
10 93 60	3
11 8d a8	3
13 00 d8	3
15 00 f0	3
15 48 89	3
17 48 8b	3
18 48 8b	3
19 00 00	3
19 00 88	3
1a 00 a0	3
1a 48 89	3
1b 0c 07	3
20 13 40	3
20 5b 41	3
20 5d c3	3
20 63 6f	3
20 93 60	3
20 ff ff	3
21 00 00	3
21 00 0f	3
22 17 40	3
28 5b 5d	3
28 ff ff	3
29 c2 48	3
2a c2 f2	3
2b 00 00	3
2e 67 6e	3
2e 73 6f	3
30 fe ff	3
31 30 5f	3
31 33 5f	3
31 39 5f	3
31 45 45	3
32 30 5f	3
32 32 5f	3
32 36 72	3
32 49 4c	3
33 00 00	3
33 00 5f	3
33 5f 49	3
33 65 6e	3
34 62 61	3
37 5f 00	3
38 5b 5d	3
38 75 6e	3
39 63 6f	3
3a 00 6e	3
40 00 e8	3
40 43 58	3
40 5d 40	3
41 5c 41	3
45 34 62	3
45 37 64	3
45 40 40	3
45 45 33	3
45 45 35	3
45 45 62	3
45 4e 39	3
45 50 53	3
45 52 53	3
45 6d 50	3
45 76 52	3
45 d8 01	3
45 f0 c9	3
45 f8 8b	3
47 4e 55	3
48 09 c2	3
48 0f 2a	3
48 5d 40	3
48 8b 05	3
48 8b 50	3
48 8b 75	3
48 d1 ea	3
49 6f 73	3
49 89 c4	3
4b 53 5f	3
4b 54 5f	3
4c 00 00	3
4c ff ff	3
4d 5f 61	3
4d 69 74	3
4e 4b 39	3
4e 53 5f	3
4e 53 73	3
4f 70 65	3
50 69 00	3
52 00 01	3
52 5d 40	3
53 41 5f	3
53 74 34	3
53 74 38	3
53 74 6c	3
54 00 00	3
54 02 00	3
54 4d 43	3
54 53 48	3
55 00 00	3
55 d8 c6	3
58 0d 40	3
58 c0 f2	3
59 05 00	3
5c 41 5d	3
5f 31 37	3
5f 45 53	3
5f 52 65	3
5f 53 35	3
5f 53 41	3
5f 5a 54	3
5f 5f 69	3
5f 61 32	3
5f 61 63	3
5f 65 6e	3
5f 6c 65	3
5f 6e 67	3
5f 70 65	3
5f 70 74	3
5f 74 61	3
60 00 48	3
61 49 37	3
61 62 00	3
61 62 6c	3
61 64 5f	3
61 6e 67	3
61 74 61	3
61 74 63	3
62 6c 65	3
62 79 74	3
63 5f 73	3
63 63 65	3
63 65 6e	3
64 45 50	3
64 65 72	3
65 3a 00	3
65 61 64	3
65 6e 45	3
65 6e 6d	3
65 71 00	3
65 71 75	3
65 72 63	3
65 72 65	3
65 72 73	3
65 74 5f	3
66 66 66	3
66 69 6e	3
66 73 74	3
67 65 5f	3
67 74 68	3
68 72 6f	3
68 ff ff	3
69 00 00	3
69 45 44	3
6c 00 00	3
6c 43 32	3
6c 65 00	3
6c 65 6e	3
6c 69 62	3
6c 6f 6e	3
6c 73 49	3
6d 49 63	3
6d 6f 64	3
6e 64 45	3
6e 64 6f	3
6e 67 20	3
6e 67 65	3
6e 75 2e	3
6e 75 6d	3
6f 63 5f	3
6f 6d 5f	3
6f 6d 70	3
6f 6e 5f	3
6f 6e 65	3
6f 72 79	3
6f 73 65	3
70 72 69	3
70 fe ff	3
70 ff ff	3
71 00 00	3
72 00 2e	3
72 0c 07	3
72 45 76	3
72 49 54	3
72 65 67	3
72 6f 72	3
72 6f 77	3
72 74 00	3
72 74 5f	3
73 49 53	3
73 5f 4f	3
73 5f 69	3
73 5f 6f	3
73 74 64	3
74 07 b8	3
74 0c 48	3
74 31 38	3
74 34 63	3
74 69 6e	3
77 00 00	3
78 00 00	3
78 07 f2	3
78 31 34	3
79 49 4e	3
7c 0c 40	3
80 fe ff	3
82 00 00	3
83 03 72	3
83 04 03	3
83 05 02	3
83 c4 20	3
83 c4 28	3
83 c4 38	3
83 ec 10	3
84 c0 0f	3
84 db 84	3
85 50 fe	3
85 60 ff	3
85 68 ff	3
85 a0 fe	3
85 c0 78	3
85 c0 fd	3
85 d0 fd	3
88 01 00	3
89 10 5d	3
89 45 d0	3
89 45 d8	3
89 50 10	3
89 55 c0	3
89 55 e8	3
89 85 e0	3
89 c6 bf	3
89 da 48	3
8a de ff	3
8b 08 48	3
8b 30 48	3
8b 40 08	3
8b 40 20	3
8b 55 d0	3
8b 85 50	3
8d 45 80	3
8d 45 d0	3
8d 45 e0	3
8d 50 08	3
8d 55 c0	3
8d 55 f8	3
8e 00 00	3
90 91 60	3
92 60 00	3
92 c0 84	3
95 30 ff	3
95 78 ff	3
97 00 00	3
98 02 40	3
9c 05 00	3
9e dd ff	3
a0 13 40	3
b0 48 8b	3
b4 03 00	3
b4 06 00	3
b8 01 00	3
b8 0d 40	3
b8 48 83	3
b8 ff ff	3
bb 00 00	3
bc 00 00	3
bc 07 00	3
bd 2c ff	3
be 50 5d	3
bf 00 92	3
c0 08 48	3
c0 0f 85	3
c0 dd ff	3
c0 eb 15	3
c0 f2 0f	3
c0 fe ff	3
c1 e2 02	3
c1 f2 0f	3
c1 f8 02	3
c2 f2 48	3
c3 48 89	3
c4 38 5b	3
c4 48 8b	3
c6 45 ff	3
c7 e8 04	3
c7 e8 08	3
c7 e8 0c	3
c7 e8 0e	3
c7 e8 10	3
c7 e8 1e	3
c7 e8 2e	3
c7 e8 44	3
c7 e8 52	3
c7 e8 62	3
c7 e8 64	3
c7 e8 68	3
c7 e8 6a	3
c7 e8 92	3
c7 e8 9e	3
c7 e8 a2	3
c7 e8 ae	3
c7 e8 ce	3
c7 e8 d6	3
c7 e8 de	3
c7 e8 e8	3
c7 e8 f0	3
c7 e8 f4	3
c7 e8 f6	3
c7 e8 fa	3
d0 fd ff	3
d8 02 40	3
d8 48 c1	3
d8 8d 00	3
da 48 89	3
db 90 48	3
de ff ff	3
df ff ff	3
e0 01 48	3
e0 fe ff	3
e5 41 54	3
e5 48 89	3
e8 07 40	3
e8 0c 40	3
e8 48 8d	3
ea 83 e0	3
ea ff ff	3
eb 1a 48	3
eb 22 48	3
eb ff ff	3
ec 18 48	3
ef ff ff	3
f0 fe ff	3
f2 0f 58	3
f2 48 0f	3
f7 ff ff	3
f8 8f 60	3
f8 c9 c3	3
fc 0c 00	3
ff 00 75	3
ff 49 89	3
ff 4c 89	3
ff 6f 02	3
ff bb 00	3
ff be 50	3
ff c7 45	3
ff c9 c3	3
ff ff 0f	3
ff ff 26	3
ff ff 3e	3
ff ff ac	3
ff ff bf	3
ff ff e9	3
ff ff fc	3
00 00 1f	2
00 00 43	2
00 00 4b	2
00 00 55	2
00 00 61	2
00 00 62	2
00 00 72	2
00 00 75	2
00 00 7b	2
00 00 81	2
00 00 8d	2
00 00 93	2
00 00 95	2
00 00 99	2
00 00 9d	2
00 00 b5	2
00 00 bb	2
00 00 c1	2
00 00 cf	2
00 00 d1	2
00 00 d7	2
00 00 df	2
00 00 e2	2
00 00 e5	2
00 00 f5	2
00 00 fd	2
00 2e 67	2
00 41 bc	2
00 47 40	2
00 48 01	2
00 48 39	2
00 48 3b	2
00 4c 8d	2
00 55 48	2
00 5f 47	2
00 5f 55	2
00 60 40	2
00 64 69	2
00 66 77	2
00 6d 61	2
00 6d 65	2
00 70 65	2
00 72 61	2
00 74 17	2
00 74 1a	2
00 74 1d	2
00 75 07	2
00 7e e3	2
00 83 bd	2
00 83 c0	2
00 84 db	2
00 8b 18	2
00 bb 00	2
00 bf 00	2
00 e8 4c	2
00 e9 00	2
00 e9 f0	2
00 f2 0f	2
01 00 01	2
01 00 02	2
01 00 15	2
01 00 1a	2
01 0c 31	2
01 48 83	2
01 7a 52	2
01 81 7d	2
01 d0 c9	2
01 d8 48	2
02 0c 07	2
02 48 89	2
02 48 f7	2
02 67 0c	2
02 78 0c	2
02 bf 0c	2
03 00 04	2
04 00 01	2
05 9b 2f	2
05 c3 2e	2
06 02 43	2
06 02 75	2
06 04 00	2
06 50 0c	2
06 58 0c	2
06 6b 0c	2
06 6d 0c	2
06 72 0c	2
06 73 0c	2
06 78 0c	2
07 b8 01	2
0a 48 89	2
0a e1 ff	2
0b 00 08	2
0b 48 8b	2
0b 84 db	2
0c 04 00	2
0c 06 00	2
0c 14 00	2
0c 3e 40	2
0d 00 06	2
0d 00 14	2
0d 00 18	2
0d 00 28	2
0d 00 30	2
0d 00 3c	2
0d 00 46	2
0d 00 54	2
0d 00 60	2
0d 00 6c	2
0d 00 70	2
0d 00 8c	2
0d 00 94	2
0d 00 96	2
0d 00 9c	2
0d 00 a8	2
0d 00 aa	2
0d 00 ac	2
0d 00 b8	2
0d 00 ba	2
0d 00 bc	2
0d 00 be	2
0d 00 c0	2
0d 00 c2	2
0d 00 f2	2
0d 00 f6	2
0d 00 fa	2
0d 83 7d	2
0e 00 24	2
0f 00 40	2
0f 10 0d	2
0f 10 45	2
0f 1f 84	2
0f 2a 4d	2
0f 2e 85	2
0f 92 c0	2
0f 94 c0	2
10 00 19	2
10 00 1a	2
10 01 00	2
10 01 1b	2
10 0c 00	2
10 16 40	2
10 48 39	2
10 60 40	2
14 00 e8	2
14 0f 00	2
14 42 40	2
14 8b 45	2
16 00 f8	2
16 55 40	2
19 49 89	2
1a 00 10	2
1a 00 20	2
1a 48 8b	2
1b eb 19	2
1c 0a 00	2
1c 0d 00	2
1c 60 00	2
1d 48 8b	2
1f 80 00	2
20 34 2e	2
20 5d 40	2
20 66 69	2
20 6e 6f	2
20 95 60	2
21 00 1a	2
22 39 40	2
23 00 00	2
26 3e 40	2
26 41 40	2
26 46 40	2
27 01 00	2
28 02 00	2
2a 00 00	2
2a 1c 40	2
2a 59 40	2
2a 8d 4c	2
2b fe ff	2
2c 06 00	2
2c 09 00	2
2c 14 00	2
2e 00 00	2
2e 30 00	2
2e 33 00	2
2e 38 2e	2
2e 64 79	2
2e 65 68	2
2e 66 69	2
2e 69 6e	2
2e 72 65	2
30 12 40	2
30 45 4c	2
31 05 44	2
31 33 62	2
31 45 50	2
31 48 8b	2
31 5f 49	2
31 5f 4e	2
31 5f 5f	2
32 33 5f	2
32 5f 52	2
33 5f 00	2
33 5f 4d	2
33 63 6f	2
33 69 74	2
34 19 00	2
34 49 6e	2
34 5f 00	2
34 63 6f	2
34 6f 70	2
35 5f 50	2
35 64 69	2
36 58 40	2
36 5f 00	2
36 5f 45	2
36 61 70	2
36 da ff	2
38 02 00	2
38 69 6f	2
39 02 00	2
39 5f 00	2
39 5f 4d	2
39 70 75	2
3a 00 64	2
3a 02 00	2
3b 45 d8	2
3c 0f 00	2
3c 12 00	2
3c 39 40	2
3c df ff	2
3d 05 00	2
3f 00 00	2
40 00 40	2
40 08 00	2
40 08 4c	2
40 40 43	2
40 48 89	2
41 00 00	2
41 4c 5f	2
41 5d 5d	2
41 5f 00	2
41 5f 53	2
41 bc 01	2
42 49 5f	2
43 00 00	2
43 0c 07	2
43 43 5f	2
43 6c 6f	2
44 00 3d	2
44 65 73	2
45 31 31	2
45 31 35	2
45 31 37	2
45 31 39	2
45 34 73	2
45 35 62	2
45 35 63	2
45 45 34	2
45 45 53	2
45 4e 53	2
45 50 54	2
45 53 35	2
45 53 36	2
45 62 52	2
45 62 54	2
45 69 45	2
45 72 72	2
45 80 48	2
45 a0 48	2
45 c0 be	2
45 e8 00	2
45 e8 73	2
45 e8 77	2
45 f0 0f	2
45 f0 5d	2
45 f8 89	2
45 ff 01	2
46 b0 ff	2
47 4c 4f	2
48 2d 90	2
48 39 c3	2
48 83 6d	2
48 83 bd	2
48 89 0a	2
48 89 df	2
48 8b 18	2
48 8b 58	2
48 8d 0c	2
48 8d 48	2
48 8d 58	2
48 98 48	2
48 98 8b	2
48 98 c7	2
48 c7 40	2
48 c7 45	2
49 53 74	2
49 54 30	2
49 54 31	2
49 54 4d	2
49 63 54	2
49 6e 69	2
4b 4e 53	2
4b 53 61	2
4b 69 00	2
4c 06 00	2
4c 09 00	2
4c 14 00	2
4c 89 e3	2
4c 89 e6	2
4c 8b 20	2
4c 8d 60	2
4c f5 ff	2
4d 43 6c	2
4d 5f 64	2
4d 5f 67	2
4e 44 5f	2
4e 53 31	2
4e 69 74	2
4f 42 41	2
50 04 00	2
50 08 eb	2
50 28 48	2
50 53 30	2
50 53 31	2
50 54 5f	2
50 5d 40	2
50 5e 40	2
50 69 6d	2
50 fe ff	2
52 53 31	2
52 53 61	2
52 54 5f	2
53 37 5f	2
53 38 5f	2
53 5f 31	2
53 73 36	2
53 74 33	2
54 03 00	2
54 4d 5f	2
54 5f 00	2
54 61 62	2
54 70 5f	2
55 6e 77	2
55 84 89	2
55 d0 48	2
55 dc 89	2
55 e4 89	2
55 f8 48	2
58 08 48	2
58 41 42	2
58 ff ff	2
59 de ff	2
5b 00 00	2
5d 5d c3	2
5e c1 f2	2
5e c8 f2	2
5f 31 2e	2
5f 34 40	2
5f 45 4e	2
5f 49 54	2
5f 4e 69	2
5f 52 54	2
5f 53 39	2
5f 54 70	2
5f 5a 64	2
5f 5a 6e	2
5f 5f 6c	2
5f 5f 74	2
5f 61 6e	2
5f 61 72	2
5f 62 49	2
5f 62 65	2
5f 63 68	2
5f 63 6c	2
5f 63 72	2
5f 64 75	2
5f 65 72	2
5f 67 65	2
5f 67 78	2
5f 6b 65	2
5f 6c 69	2
5f 6d 00	2
5f 6d 69	2
5f 6e 69	2
5f 72 65	2
5f 73 69	2
5f 74 68	2
5f 76 30	2
60 17 40	2
61 00 2e	2
61 32 49	2
61 49 4c	2
61 49 54	2
61 5f 61	2
61 63 74	2
61 64 76	2
61 67 00	2
61 67 45	2
61 69 6e	2
61 6c 49	2
61 6d 65	2
61 73 63	2
61 73 73	2
61 79 5f	2
62 52 4b	2
62 63 5f	2
62 65 67	2
62 75 74	2
63 40 40	2
63 45 43	2
63 52 4b	2
63 68 40	2
63 69 69	2
63 6b 45	2
63 6b 5f	2
63 6d 70	2
63 6e 74	2
63 6f 6d	2
63 74 45	2
63 74 49	2
63 74 5f	2
64 13 00	2
64 49 4c	2
64 61 74	2
64 65 5f	2
64 65 61	2
64 6c 50	2
64 79 6e	2
65 00 2e	2
65 34 49	2
65 45 50	2
65 49 54	2
65 54 61	2
65 5f 28	2
65 5f 61	2
65 5f 62	2
65 5f 69	2
65 5f 72	2
65 5f 74	2
65 61 6c	2
65 67 6f	2
65 6c 61	2
65 6c 6c	2
65 6d 63	2
65 6e 20	2
65 70 74	2
65 71 31	2
65 71 44	2
65 72 54	2
65 72 74	2
65 73 00	2
65 73 75	2
65 78 69	2
65 79 5f	2
66 5f 69	2
66 5f 6e	2
66 65 72	2
66 69 6c	2
66 6f 70	2
66 72 61	2
66 72 65	2
66 74 65	2
67 69 6e	2
68 03 00	2
68 0c 00	2
68 0e 00	2
68 55 40	2
68 5f 62	2
68 5f 66	2
68 65 63	2
68 72 65	2
68 de ff	2
69 3a 00	2
69 53 31	2
69 53 36	2
69 62 63	2
69 64 20	2
69 66 66	2
69 69 3a	2
69 6e 73	2
69 6f 73	2
69 74 00	2
69 74 5f	2
6c 0b 00	2
6c 14 00	2
6c 44 32	2
6c 61 73	2
6c 65 20	2
6c 69 64	2
6c 69 74	2
6d 49 54	2
6d 52 4b	2
6d 65 5f	2
6d 65 6d	2
6d 6d 6f	2
6d 73 5f	2
6e 00 66	2
6e 45 50	2
6e 61 6c	2
6e 64 6c	2
6e 65 54	2
6e 67 74	2
6e 69 00	2
6e 6f 74	2
6e 73 65	2
6e 73 69	2
6e 74 20	2
6e 74 45	2
6e 74 73	2
6e 77 6d	2
6f 2e 36	2
6f 6e 3a	2
6f 70 65	2
6f 72 45	2
6f 73 5f	2
6f 73 74	2
6f 77 5f	2
6f 79 5f	2
70 4b 40	2
70 5f 61	2
70 61 72	2
70 65 72	2
70 6c 43	2
70 6c 44	2
70 6c 74	2
70 70 65	2
71 01 00	2
71 45 44	2
71 45 45	2
71 45 76	2
71 75 61	2
72 2c 20	2
72 54 4d	2
72 63 65	2
72 64 49	2
72 64 5f	2
72 65 6e	2
72 65 73	2
72 69 62	2
72 72 61	2
72 72 6f	2
72 74 61	2
73 00 00	2
73 0e 48	2
73 2e 00	2
73 3a 00	2
73 43 31	2
73 45 64	2
73 45 69	2
73 45 6d	2
73 5f 62	2
73 63 69	2
73 65 34	2
73 65 71	2
73 65 72	2
73 65 74	2
73 6f 2e	2
73 6f 6e	2
73 73 5f	2
73 74 3a	2
73 79 6d	2
74 02 40	2
74 11 48	2
74 17 00	2
74 32 32	2
74 38 69	2
74 45 76	2
74 5f 54	2
74 61 5f	2
74 64 04	2
74 65 2e	2
74 66 69	2
74 69 76	2
74 72 75	2
74 73 69	2
74 79 5f	2
74 7d 40	2
75 0c 07	2
75 14 48	2
75 19 48	2
75 61 6c	2
75 63 74	2
75 6d 65	2
75 6d 6d	2
75 73 68	2
75 78 49	2
75 e4 48	2
76 04 00	2
76 0b 48	2
76 61 6e	2
77 12 48	2
77 69 6e	2
77 72 69	2
78 63 65	2
78 78 5f	2
79 00 2e	2
79 45 50	2
79 45 52	2
79 49 4c	2
79 5f 62	2
79 5f 65	2
79 6e 73	2
79 74 65	2
7c 04 00	2
7c 07 00	2
7c 0b 00	2
7c 0c 00	2
7d 20 00	2
7d 8c 00	2
7d d8 ff	2
7d e8 89	2
7e 1e 8b	2
7e de ff	2
7e ff ff	2
80 4e 40	2
80 7f 00	2
80 fd ff	2
82 55 40	2
83 03 03	2
83 45 e8	2
83 7d 88	2
83 7d d8	2
83 7d e8	2
83 7d f8	2
83 c0 01	2
84 08 00	2
84 1c 00	2
84 e4 84	2
85 28 ff	2
85 2a fe	2
85 30 fe	2
85 40 ff	2
85 48 ff	2
85 80 fe	2
85 c0 75	2
85 c0 fe	2
85 db 74	2
88 00 75	2
88 03 00	2
88 37 40	2
89 45 b0	2
89 75 c0	2
89 75 e4	2
89 7d b8	2
89 7d c8	2
89 7d fc	2
89 c1 48	2
89 c5 48	2
89 c5 4c	2
89 c6 48	2
89 d7 ff	2
89 d9 48	2
89 e1 48	2
89 e2 be	2
89 e6 bf	2
89 e8 48	2
8b 00 39	2
8b 45 a0	2
8b 45 b0	2
8b 50 08	2
8b 55 98	2
8b 55 c8	2
8b 84 85	2
8b 85 10	2
8b 85 60	2
8b 8d 78	2
8c 0b 00	2
8c 91 00	2
8c 91 60	2
8d 45 90	2
8d 45 a0	2
8d 85 2b	2
8d 85 d0	2
8d 95 10	2
8d 95 c0	2
90 01 00	2
90 f2 ff	2
90 fe ff	2
94 04 00	2
94 cf ff	2
95 10 fe	2
95 44 ff	2
95 c0 48	2
98 05 00	2
98 48 8b	2
98 8b 84	2
98 c7 84	2
9c 07 00	2
9c 0d 00	2
9c 10 00	2
9c de ff	2
a0 00 00	2
a2 39 40	2
a4 05 00	2
a4 0d 00	2
a4 12 00	2
a4 dd ff	2
a6 00 00	2
a8 34 40	2
aa 16 40	2
ae 4b 40	2
ae dd ff	2
b0 48 8d	2
b2 e2 ff	2
b4 1b 00	2
b4 53 40	2
b4 5f 40	2
b6 41 40	2
b6 4d 40	2
b8 65 40	2
b8 f2 0f	2
ba 00 00	2
ba dd ff	2
bc 0f 00	2
bc f3 ff	2
be 4e 40	2
bf 10 00	2
bf 90 91	2
c0 15 40	2
c0 74 05	2
c0 f5 ff	2
c1 03 00	2
c2 0f 92	2
c2 34 40	2
c2 74 31	2
c3 0f 95	2
c3 48 85	2
c3 4c 89	2
c4 12 00	2
c4 20 5b	2
c5 01 00	2
c7 40 08	2
c7 40 10	2
c7 45 88	2
c7 45 d8	2
c7 45 dc	2
c7 45 e8	2
c7 84 85	2
c7 e8 00	2
c7 e8 02	2
c7 e8 06	2
c7 e8 0a	2
c7 e8 20	2
c7 e8 28	2
c7 e8 3a	2
c7 e8 3c	2
c7 e8 40	2
c7 e8 46	2
c7 e8 4c	2
c7 e8 5a	2
c7 e8 5c	2
c7 e8 60	2
c7 e8 66	2
c7 e8 70	2
c7 e8 88	2
c7 e8 96	2
c7 e8 9a	2
c7 e8 9c	2
c7 e8 aa	2
c7 e8 ac	2
c7 e8 b2	2
c7 e8 b8	2
c7 e8 c2	2
c7 e8 c6	2
c7 e8 ca	2
c7 e8 cc	2
c7 e8 d8	2
c7 e8 da	2
c7 e8 e2	2
c7 e8 e6	2
c7 e8 f8	2
c7 e8 fe	2
c8 48 8d	2
c8 4c 8b	2
ca ff ff	2
cc 0e 00	2
ce 53 40	2
d0 06 00	2
d0 14 40	2
d0 c9 c3	2
d2 7d 20	2
d6 58 40	2
d7 ff d0	2
d8 00 00	2
d8 00 7e	2
d8 48 8d	2
d8 83 e0	2
d8 c6 45	2
da 17 00	2
dc 07 00	2
dc 0c 00	2
dc 0f 00	2
de 03 00	2
df 2e 00	2
e0 03 48	2
e0 07 85	2
e0 15 40	2
e0 41 40	2
e1 ff ff	2
e3 eb 03	2
e4 08 00	2
e4 0a 00	2
e4 12 00	2
e4 48 8b	2
e5 02 00	2
e6 48 89	2
e8 00 75	2
e8 11 09	2
e8 48 83	2
e8 4c 89	2
e8 51 09	2
e8 6d ff	2
e8 89 75	2
e8 9d 0c	2
e8 b5 df	2
e8 d1 e5	2
e8 d9 f9	2
eb 04 48	2
eb 05 b8	2
eb 14 8b	2
ec 05 00	2
ec 08 00	2
ec 08 48	2
ec 28 48	2
ee 4b 40	2
f0 02 00	2
f0 48 8d	2
f0 ba 00	2
f0 dd ff	2
f2 3d 40	2
f4 03 00	2
f7 d8 48	2
f8 00 00	2
f8 01 00	2
f8 02 5d	2
f8 48 c1	2
f8 5d c3	2
f8 8d 00	2
fa 41 40	2
fa f4 ff	2
fc 01 75	2
fc 04 00	2
fc 89 75	2
ff 01 45	2
ff 01 48	2
ff 0f 1f	2
ff 25 6a	2
ff 25 72	2
ff 25 7a	2
ff 25 82	2
ff 25 8a	2
ff 25 92	2
ff 25 9a	2
ff 25 a2	2
ff 25 aa	2
ff 25 b2	2
ff 25 ba	2
ff 25 c2	2
ff 25 ca	2
ff 25 d2	2
ff 66 0f	2
ff 83 7d	2
ff 85 c0	2
ff 89 da	2
ff 8b 95	2
ff ba 48	2
ff be 20	2
ff be 52	2
ff bf 20	2
ff eb 03	2
ff eb 1b	2
ff ff 02	2
ff ff 15	2
ff ff 1d	2
ff ff 2b	2
ff ff 30	2
ff ff 32	2
ff ff 37	2
ff ff 38	2
ff ff 3d	2
ff ff 42	2
ff ff 5d	2
ff ff 71	2
ff ff 7a	2
ff ff 9a	2
ff ff cc	2
ff ff eb	2
ff ff ec	2
00 00 39	1
00 00 3b	1
00 00 4d	1
00 00 53	1
00 00 5a	1
00 00 5b	1
00 00 63	1
00 00 6b	1
00 00 6d	1
00 00 7f	1
00 00 91	1
00 00 9b	1
00 00 a1	1
00 00 a3	1
00 00 a5	1
00 00 a9	1
00 00 ad	1
00 00 af	1
00 00 c5	1
00 00 cb	1
00 00 d9	1
00 00 db	1
00 00 e1	1
00 00 f3	1
00 01 00	1
00 01 f3	1
00 03 1b	1
00 05 00	1
00 0e 10	1
00 0f 85	1
00 0f 8e	1
00 0f b6	1
00 14 00	1
00 2d 00	1
00 2e 62	1
00 2e 63	1
00 2e 64	1
00 2e 69	1
00 39 c3	1
00 3b 45	1
00 3f 1a	1
00 42 0e	1
00 43 58	1
00 44 69	1
00 45 84	1
00 47 43	1
00 47 4c	1
00 48 b8	1
00 48 c1	1
00 48 c7	1
00 4b 05	1
00 4e 05	1
00 59 40	1
00 5b 41	1
00 5f 44	1
00 5f 4a	1
00 5f 65	1
00 5f 66	1
00 5f 73	1
00 61 74	1
00 63 6f	1
00 63 72	1
00 64 65	1
00 66 63	1
00 66 70	1
00 66 73	1
00 68 05	1
00 69 73	1
00 6b 05	1
00 6e 3a	1
00 6e 67	1
00 6e 75	1
00 72 62	1
00 74 30	1
00 75 11	1
00 75 3c	1
00 7d 0a	1
00 7e 8b	1
00 7f 09	1
00 86 01	1
00 89 45	1
00 8b 95	1
00 90 00	1
00 91 60	1
00 98 1d	1
00 aa 01	1
00 ae 01	1
00 b0 01	1
00 b7 07	1
00 b8 00	1
00 ba 1c	1
00 bd 14	1
00 be 00	1
00 be 01	1
00 be 56	1
00 be e1	1
00 bf 20	1
00 bf a0	1
00 c7 2f	1
00 cc 05	1
00 d0 14	1
00 d7 01	1
00 da 07	1
00 e6 04	1
00 e6 14	1
00 e8 04	1
00 e8 0e	1
00 e8 16	1
00 e8 1e	1
00 e8 2a	1
00 e8 3a	1
00 e8 5c	1
00 e8 7c	1
00 e8 84	1
00 e8 92	1
00 e8 9c	1
00 e8 aa	1
00 e8 b8	1
00 e8 d8	1
00 e8 e8	1
00 e8 ee	1
00 e8 f0	1
00 e9 61	1
00 e9 83	1
00 e9 aa	1
00 e9 b1	1
00 eb 0b	1
00 eb 14	1
00 eb 1a	1
00 eb 22	1
00 eb 33	1
00 eb 38	1
00 eb 5f	1
00 eb 63	1
00 eb 73	1
00 eb 7a	1
00 eb 7c	1
00 f9 ff	1
00 fe ff	1
00 ff e0	1
00 ff e2	1
01 00 0f	1
01 00 11	1
01 00 13	1
01 00 14	1
01 00 16	1
01 00 18	1
01 00 38	1
01 00 c1	1
01 00 de	1
01 01 00	1
01 05 00	1
01 08 36	1
01 08 38	1
01 08 3c	1
01 08 3d	1
01 08 4e	1
01 0a 59	1
01 0e 33	1
01 0e 48	1
01 15 23	1
01 17 00	1
01 1b 03	1
01 20 a4	1
01 45 94	1
01 48 39	1
01 48 89	1
01 48 8d	1
01 5e 00	1
01 62 05	1
01 67 05	1
01 6f 00	1
01 76 00	1
01 7a 50	1
01 84 c0	1
01 89 45	1
01 8b 45	1
01 99 04	1
01 bb 00	1
01 c1 48	1
01 c8 48	1
01 d0 5d	1
01 d0 8b	1
01 dd 38	1
01 eb 0d	1
01 f3 2e	1
02 00 01	1
02 00 05	1
02 00 3e	1
02 00 54	1
02 00 88	1
02 01 01	1
02 1c 00	1
02 3d 40	1
02 48 83	1
02 48 8b	1
02 49 8d	1
02 4a 0c	1
02 54 0c	1
02 57 0c	1
02 5d c3	1
02 6d 0c	1
02 75 25	1
02 7d 20	1
02 84 0c	1
02 8d 0c	1
02 90 0c	1
02 b0 0c	1
02 cf ff	1
02 d3 ff	1
02 df 2e	1
02 f4 ff	1
02 fa ff	1
03 00 01	1
03 00 05	1
03 00 06	1
03 00 07	1
03 00 08	1
03 00 09	1
03 00 0a	1
03 00 0b	1
03 00 0c	1
03 00 0d	1
03 00 0e	1
03 00 0f	1
03 00 10	1
03 00 11	1
03 00 12	1
03 00 13	1
03 00 14	1
03 00 15	1
03 00 16	1
03 00 17	1
03 00 18	1
03 00 19	1
03 00 1a	1
03 00 1b	1
03 00 71	1
03 00 74	1
03 00 b7	1
03 01 00	1
03 0b 00	1
03 0c 07	1
03 1d 01	1
03 29 02	1
03 3b 98	1
03 45 0e	1
03 48 01	1
03 48 03	1
03 48 8d	1
03 67 01	1
03 b9 01	1
03 c9 17	1
03 d0 14	1
03 d9 02	1
04 00 03	1
04 00 7d	1
04 00 98	1
04 01 e7	1
04 02 00	1
04 05 00	1
04 08 00	1
04 09 00	1
04 0b 00	1
04 10 00	1
04 13 00	1
04 15 00	1
04 16 00	1
04 17 00	1
04 18 00	1
04 18 7f	1
04 1d 00	1
04 34 40	1
04 48 00	1
04 4b 00	1
04 50 7f	1
04 5c 7f	1
04 6a 7e	1
04 74 7d	1
04 74 7f	1
04 7a 7e	1
04 83 45	1
04 8c 7e	1
04 8d 7d	1
04 9c 7e	1
04 9d 7d	1
04 ae 7e	1
04 b1 7d	1
04 b5 ff	1
04 bc 7e	1
04 bd ff	1
04 d3 ff	1
04 d8 7e	1
04 d8 ff	1
04 e4 7e	1
04 ef ff	1
04 f0 7e	1
04 fd ff	1
04 ff ff	1
05 00 01	1
05 00 03	1
05 00 69	1
05 00 d8	1
05 05 00	1
05 16 00	1
05 3e 7d	1
05 48 0e	1
05 52 00	1
05 5f 74	1
05 67 01	1
05 6c 01	1
05 87 2f	1
05 8b 2e	1
05 9b 2e	1
05 a5 7d	1
05 af 2e	1
05 af 2f	1
05 b4 2d	1
05 b8 ff	1
05 c3 73	1
05 e5 7d	1
05 e8 22	1
05 e8 6a	1
05 ef 2d	1
05 f3 2e	1
06 00 e8	1
06 01 00	1
06 02 41	1
06 02 47	1
06 02 50	1
06 02 56	1
06 02 60	1
06 02 67	1
06 02 73	1
06 02 95	1
06 13 40	1
06 14 40	1
06 15 40	1
06 31 00	1
06 3c 40	1
06 41 0c	1
06 48 8b	1
06 4b 8e	1
06 4c 8d	1
06 4d 0c	1
06 52 0c	1
06 53 40	1
06 56 0c	1
06 5b 0c	1
06 5c 0c	1
06 5f 0c	1
06 66 0c	1
06 77 0c	1
06 7a 0c	1
06 7d 0c	1
06 7f 0c	1
06 b7 ff	1
06 d2 ff	1
06 d9 ff	1
06 f9 ff	1
06 fa ff	1
07 00 7c	1
07 05 9d	1
07 08 24	1
07 08 2c	1
07 10 00	1
07 10 14	1
07 20 00	1
07 23 00	1
07 4d 0e	1
07 5a 40	1
07 d3 01	1
08 00 14	1
08 00 e8	1
08 01 00	1
08 08 00	1
08 12 00	1
08 80 00	1
08 91 60	1
08 af 01	1
08 c3 00	1
08 e0 ff	1
08 e1 ff	1
08 eb 17	1
08 eb 1a	1
09 00 40	1
09 00 58	1
09 02 00	1
09 04 00	1
09 c7 45	1
09 d0 5d	1
0a 00 b8	1
0a 03 00	1
0a 41 40	1
0a 4b 40	1
0a 4c 40	1
0a 54 00	1
0a 7d 20	1
0a b8 02	1
0a b8 ff	1
0a d2 08	1
0a d3 ff	1
0a da ff	1
0a de ff	1
0a df ff	1
0a e6 ff	1
0a f8 ff	1
0b 09 00	1
0b 15 00	1
0b 2f 00	1
0b 77 08	1
0c 00 30	1
0c 01 00	1
0c 02 00	1
0c 02 48	1
0c 09 00	1
0c 0b 00	1
0c 0c 00	1
0c 11 00	1
0c 13 00	1
0c 15 00	1
0c 16 00	1
0c 17 00	1
0c 22 00	1
0c 27 00	1
0c 2a 05	1
0c 35 05	1
0c 43 79	1
0c 4f 40	1
0c 57 40	1
0c 95 00	1
0c d5 ff	1
0c e6 ff	1
0c f4 ff	1
0d 00 02	1
0d 00 04	1
0d 00 07	1
0d 00 12	1
0d 00 24	1
0d 00 2c	1
0d 00 2e	1
0d 00 2f	1
0d 00 32	1
0d 00 34	1
0d 00 3b	1
0d 00 3e	1
0d 00 44	1
0d 00 4a	1
0d 00 53	1
0d 00 56	1
0d 00 58	1
0d 00 5f	1
0d 00 62	1
0d 00 63	1
0d 00 64	1
0d 00 65	1
0d 00 66	1
0d 00 6a	1
0d 00 71	1
0d 00 72	1
0d 00 74	1
0d 00 75	1
0d 00 79	1
0d 00 7a	1
0d 00 7c	1
0d 00 7d	1
0d 00 7e	1
0d 00 81	1
0d 00 84	1
0d 00 8f	1
0d 00 93	1
0d 00 95	1
0d 00 98	1
0d 00 9a	1
0d 00 9d	1
0d 00 a4	1
0d 00 a6	1
0d 00 b0	1
0d 00 b7	1
0d 00 c3	1
0d 00 c5	1
0d 00 c8	1
0d 00 cb	1
0d 00 d0	1
0d 00 d1	1
0d 00 d4	1
0d 00 d9	1
0d 00 da	1
0d 00 dc	1
0d 00 e5	1
0d 00 e6	1
0d 00 e8	1
0d 00 ea	1
0d 00 f0	1
0d 00 f1	1
0d 00 fe	1
0d 07 42	1
0d 2a 00	1
0d 8b 85	1
0d dd 41	1
0e 02 00	1
0e 0b 00	1
0e 0c 00	1
0e 10 42	1
0e 10 8f	1
0e 13 00	1
0e 18 4a	1
0e 20 42	1
0e 20 8d	1
0e 30 41	1
0e 30 86	1
0e 40 6c	1
0e 45 84	1
0e bc ff	1
0e df 2e	1
0e e8 ff	1
0e f5 ff	1
0e f9 ff	1
0f 00 10	1
0f 00 48	1
0f 00 d0	1
0f 00 e0	1
0f 04 00	1
0f 10 8d	1
0f 11 45	1
0f 2e 45	1
0f 84 8b	1
0f 84 bd	1
0f 85 17	1
0f 85 5f	1
0f 85 cc	1
0f 86 a6	1
0f 86 bc	1
0f 8b 85	1
0f 95 c0	1
0f 9c c0	1
0f 9d c0	1
0f b6 00	1
0f b6 c0	1
10 00 1c	1
10 00 21	1
10 05 00	1
10 07 03	1
10 0d 78	1
10 0d 84	1
10 13 2f	1
10 31 20	1
10 45 a0	1
10 45 b0	1
10 46 0e	1
10 49 dd	1
10 51 40	1
10 85 10	1
10 85 18	1
10 85 20	1
10 85 68	1
10 91 60	1
10 b9 00	1
10 c7 45	1
10 c9 c3	1
10 d3 ff	1
10 e1 ff	1
10 e9 84	1
10 e9 a7	1
10 ee ff	1
10 f3 ff	1
10 fd ff	1
11 00 0f	1
11 00 70	1
11 00 b8	1
11 01 00	1
11 02 0f	1
11 02 19	1
11 05 00	1
11 09 00	1
11 27 05	1
11 4d a8	1
11 55 48	1
11 5e 40	1
11 85 10	1
11 85 18	1
12 00 0b	1
12 00 0e	1
12 00 74	1
12 01 00	1
12 43 40	1
12 48 8b	1
12 7d 20	1
12 83 c2	1
12 f7 ff	1
13 00 e8	1
13 29 00	1
13 dc ff	1
14 01 00	1
14 02 00	1
14 04 00	1
14 05 cb	1
14 05 db	1
14 07 00	1
14 08 00	1
14 0a 00	1
14 0c 00	1
14 12 00	1
14 19 00	1
14 1a 00	1
14 1b 00	1
14 98 0c	1
14 99 02	1
14 b2 ff	1
14 d3 ff	1
14 de ff	1
14 ed ff	1
14 fa ff	1
15 01 0c	1
15 28 00	1
16 00 00	1
16 04 00	1
16 10 00	1
16 13 40	1
16 14 40	1
16 15 40	1
16 4d 40	1
16 de ff	1
16 ef ff	1
16 f6 ff	1
17 00 f8	1
17 01 00	1
17 0c 07	1
17 19 00	1
17 26 00	1
18 01 00	1
18 31 20	1
18 41 40	1
18 42 0e	1
18 48 8d	1
18 4b 40	1
18 5b 41	1
18 8e 03	1
18 90 60	1
18 91 60	1
18 93 60	1
18 be 50	1
18 d2 ff	1
18 da ff	1
18 f9 ff	1
19 00 8c	1
19 00 90	1
19 01 11	1
19 0a 00	1
19 12 00	1
1a 00 18	1
1a 00 28	1
1a 00 8c	1
1a 01 00	1
1a 04 00	1
1a 3b 2a	1
1a 7d 20	1
1a e2 ff	1
1a f4 ff	1
1a f8 ff	1
1b 01 00	1
1b 02 00	1
1b 13 00	1
1b a0 01	1
1c 00 06	1
1c 02 00	1
1c 03 00	1
1c 07 00	1
1c 08 00	1
1c 0e 00	1
1c 10 00	1
1c 11 00	1
1c 12 00	1
1c 14 00	1
1c 16 00	1
1c 1c 00	1
1c 20 00	1
1c 2a d7	1
1c e4 ff	1
1d 04 00	1
1d 1a 00	1
1d ca 0e	1
1e 08 00	1
1e 09 00	1
1e 48 8d	1
1e c0 ff	1
1e e7 ff	1
1e ec ff	1
1f 00 1c	1
1f 00 55	1
1f 00 e9	1
1f f5 ff	1
20 00 0f	1
20 00 19	1
20 00 53	1
20 00 55	1
20 00 70	1
20 00 ff	1
20 06 00	1
20 09 00	1
20 0c 00	1
20 15 00	1
20 28 47	1
20 2f 00	1
20 32 30	1
20 48 61	1
20 61 73	1
20 62 79	1
20 65 72	1
20 68 6f	1
20 69 6e	1
20 6d 65	1
20 6f 66	1
20 6f 70	1
20 72 65	1
20 73 65	1
20 73 6c	1
20 74 6f	1
20 76 65	1
20 77 68	1
20 85 c0	1
20 8d 50	1
20 90 60	1
20 91 60	1
20 be 52	1
20 cc ff	1
20 d9 ff	1
20 fd ff	1
20 fe ff	1
21 01 10	1
21 0e 00	1
21 fd f4	1
22 09 00	1
22 27 00	1
22 48 83	1
22 48 8b	1
22 48 8d	1
22 5a 40	1
22 7d 20	1
22 b0 ff	1
22 bd ff	1
22 d3 ff	1
22 f6 ff	1
23 05 00	1
23 2d 00	1
24 04 00	1
24 08 00	1
24 0b 00	1
24 0e 00	1
24 10 00	1
24 13 00	1
24 15 00	1
24 16 00	1
24 17 00	1
24 22 00	1
24 40 40	1
24 48 89	1
24 5d 00	1
24 ca ff	1
24 ce ff	1
24 dd ff	1
24 e3 ff	1
24 f8 ff	1
25 01 1b	1
25 2b 00	1
25 48 8b	1
25 73 00	1
25 be 68	1
26 13 40	1
26 14 40	1
26 18 40	1
26 3f 40	1
26 d3 ff	1
26 e6 ff	1
26 ec ff	1
26 f9 ff	1
27 00 00	1
27 05 00	1
27 08 00	1
27 1b 00	1
28 00 00	1
28 00 29	1
28 00 76	1
28 11 00	1
28 35 40	1
28 42 0e	1
28 45 d5	1
28 48 83	1
28 52 65	1
28 54 40	1
28 5f 40	1
28 8c 05	1
28 90 60	1
28 91 60	1
28 95 60	1
28 ac ff	1
28 c1 f2	1
28 e3 ff	1
28 f4 ff	1
28 fa ff	1
29 1c 00	1
29 21 00	1
29 2c 00	1
29 3a 00	1
29 87 e1	1
29 c3 48	1
29 e5 31	1
2a 1e 00	1
2a 24 00	1
2a 33 24	1
2a 4d d4	1
2a 7d 20	1
2a 83 2e	1
2a 85 28	1
2a c8 48	1
2a d1 ff	1
2a d8 ff	1
2a df 2e	1
2a e7 ff	1
2a e9 ff	1
2a fe ff	1
2b 04 00	1
2b 26 00	1
2b 2a 00	1
2b 2b 2e	1
2b 45 dc	1
2b 51 2f	1
2b db ff	1
2c 00 3a	1
2c 01 00	1
2c 08 00	1
2c 0b 00	1
2c 0c 00	1
2c 13 00	1
2c 15 00	1
2c 16 00	1
2c 17 00	1
2c 18 00	1
2c 20 6e	1
2c 53 40	1
2c 73 6c	1
2c b7 ff	1
2c e1 ff	1
2c f1 ff	1
2c fb ff	1
2c fe ff	1
2c ff ff	1
2d 00 a4	1
2d 00 fa	1
2d 1d 00	1
2d 37 29	1
2d 61 73	1
2d 69 64	1
2d 74 61	1
2e 00 6e	1
2e 00 93	1
2e 00 95	1
2e 00 99	1
2e 00 a3	1
2e 00 ae	1
2e 00 b6	1
2e 00 c3	1
2e 00 cc	1
2e 00 d2	1
2e 00 d7	1
2e 00 db	1
2e 00 f2	1
2e 00 f5	1
2e 0e 00	1
2e 1e 00	1
2e 31 00	1
2e 33 20	1
2e 33 2d	1
2e 36 00	1
2e 36 33	1
2e 41 42	1
2e 45 a8	1
2e 57 40	1
2e 62 73	1
2e 62 75	1
2e 64 61	1
2e 67 63	1
2e 67 6f	1
2e 68 61	1
2e 6a 63	1
2e 72 6f	1
2e 74 65	1
2e 76 65	1
2e 85 18	1
2e 85 20	1
2e 85 68	1
2e 85 70	1
2e e1 ff	1
2e f1 ff	1
2e fc ff	1
2e fe ff	1
2f 00 83	1
2f 00 85	1
2f 00 bd	1
2f 00 e1	1
2f 03 00	1
2f 05 00	1
2f 14 00	1
2f 15 00	1
2f 3c 40	1
2f 5e 40	1
2f 6c 64	1
2f 6c 69	1
30 00 5f	1
30 02 00	1
30 0e 00	1
30 12 00	1
30 31 34	1
30 40 40	1
30 45 45	1
30 45 4e	1
30 45 53	1
30 48 8b	1
30 4d 40	1
30 5a 40	1
30 5b 41	1
30 5f 4d	1
30 5f 69	1
30 64 65	1
30 90 60	1
30 91 60	1
30 cf ff	1
30 da ff	1
30 fd ff	1
31 04 00	1
31 20 28	1
31 28 00	1
31 30 64	1
31 30 70	1
31 31 37	1
31 31 67	1
31 33 73	1
31 35 5f	1
31 37 69	1
31 38 5f	1
31 45 53	1
31 45 69	1
31 45 6d	1
31 5f 50	1
31 db 48	1
31 ed 49	1
32 00 04	1
32 02 00	1
32 04 00	1
32 06 00	1
32 09 00	1
32 29 00	1
32 45 6d	1
32 4f 40	1
32 5f 44	1
32 5f 45	1
32 5f 50	1
32 67 65	1
32 7d 20	1
32 ce ff	1
32 da ff	1
32 f1 ff	1
33 00 47	1
33 05 00	1
33 33 38	1
33 34 5f	1
33 48 89	1
33 5f 45	1
33 69 6e	1
33 6d 61	1
34 00 66	1
34 01 00	1
34 02 00	1
34 04 00	1
34 07 00	1
34 0c 00	1
34 0f 00	1
34 11 00	1
34 1a 00	1
34 1b 00	1
34 25 00	1
34 30 39	1
34 59 40	1
34 65 6e	1
34 76 65	1
34 cf ff	1
34 f4 ff	1
34 fb ff	1
35 00 00	1
35 00 66	1
35 01 2b	1
35 18 00	1
35 1f 00	1
35 20 00	1
35 30 00	1
35 5f 00	1
35 5f 53	1
35 5f 54	1
35 62 65	1
35 63 5f	1
35 63 6c	1
35 65 71	1
35 69 74	1
35 70 72	1
36 00 5f	1
36 00 66	1
36 03 00	1
36 05 3d	1
36 13 40	1
36 14 40	1
36 2d 36	1
36 34 2e	1
36 34 2f	1
36 54 40	1
36 5f 53	1
36 72 61	1
36 b0 ff	1
36 ce ff	1
37 03 00	1
37 0b 00	1
37 48 89	1
37 5f 45	1
37 5f 4d	1
37 5f 52	1
37 64 65	1
37 69 73	1
37 ee ff	1
38 00 09	1
38 00 5f	1
38 04 00	1
38 05 41	1
38 09 00	1
38 41 0e	1
38 48 8d	1
38 5f 44	1
38 5f 53	1
38 5f 5f	1
38 61 6c	1
38 63 61	1
38 6d 61	1
38 83 07	1
38 90 60	1
38 91 60	1
38 a3 cb	1
38 b8 ff	1
38 ce ff	1
38 db ff	1
38 f2 8b	1
38 f8 ff	1
39 31 31	1
39 5f 53	1
39 c2 0f	1
39 c2 74	1
39 c3 75	1
39 eb 75	1
3a 00 20	1
3a 00 2c	1
3a 00 3b	1
3a 00 45	1
3a 00 72	1
3a 04 00	1
3a 05 75	1
3a 3a 5f	1
3a 7d 20	1
3a b0 ff	1
3a cf ff	1
3a da ff	1
3a e3 ff	1
3b 00 66	1
3b 07 00	1
3b 1b 00	1
3b 45 c8	1
3b 45 f0	1
3b 55 40	1
3b df 2e	1
3c 02 00	1
3c 05 45	1
3c 07 00	1
3c 08 00	1
3c 0a 00	1
3c 0d 00	1
3c 10 00	1
3c 11 00	1
3c 1c 00	1
3c 1d 00	1
3c bf 20	1
3c d5 ff	1
3c df 2e	1
3d 00 52	1
3d 04 00	1
3d 05 50	1
3d 08 78	1
3d 0c 00	1
3d 2f 00	1
3e 00 01	1
3e 2c 00	1
3e 56 40	1
3e be c7	1
3f 01 00	1
3f 0f 00	1
3f 17 00	1
3f 43 05	1
40 00 1f	1
40 00 38	1
40 00 b8	1
40 00 ff	1
40 10 00	1
40 3d 40	1
40 43 40	1
40 47 43	1
40 58 40	1
40 5d 00	1
40 90 60	1
40 91 60	1
40 b0 ff	1
40 f1 ff	1
40 fd ff	1
40 fe ff	1
40 ff ff	1
41 00 55	1
41 0c 07	1
41 0e 28	1
41 55 49	1
41 56 41	1
41 57 41	1
41 5d 41	1
41 5e 41	1
41 5f c3	1
41 89 ff	1
42 04 00	1
42 0c 00	1
42 0e 08	1
42 0e 18	1
42 2f 00	1
42 46 40	1
42 49 2d	1
42 4c 40	1
42 4c 45	1
42 59 40	1
42 5e 40	1
42 5f 00	1
42 5f 53	1
42 7d 20	1
42 b0 ff	1
42 d6 ff	1
42 de ff	1
43 00 64	1
43 3a 20	1
43 52 5f	1
43 5f 45	1
43 5f 53	1
43 6c 61	1
43 d4 ff	1
44 02 00	1
44 03 00	1
44 05 00	1
44 08 00	1
44 0a 00	1
44 0b 00	1
44 0d 00	1
44 0e 00	1
44 10 00	1
44 13 00	1
44 15 00	1
44 16 00	1
44 17 00	1
44 30 45	1
44 59 4e	1
44 5a 40	1
44 5f 5f	1
44 89 eb	1
44 89 ff	1
44 b0 ff	1
44 b7 ff	1
44 c2 ff	1
44 ce ff	1
44 d9 ff	1
44 f6 ff	1
44 ff ff	1
45 00 59	1
45 00 6d	1
45 0e 18	1
45 0e 28	1
45 2e 00	1
45 31 30	1
45 32 30	1
45 36 69	1
45 37 5f	1
45 37 69	1
45 38 61	1
45 39 5f	1
45 39 63	1
45 45 00	1
45 45 38	1
45 45 64	1
45 45 69	1
45 45 70	1
45 4e 44	1
45 50 46	1
45 50 4b	1
45 53 31	1
45 53 32	1
45 53 33	1
45 53 41	1
45 53 42	1
45 53 61	1
45 53 74	1
45 5f 00	1
45 61 53	1
45 64 64	1
45 64 65	1
45 69 00	1
45 69 53	1
45 6c 45	1
45 70 4c	1
45 70 70	1
45 70 74	1
45 76 50	1
45 84 01	1
45 88 00	1
45 88 02	1
45 88 04	1
45 8c 00	1
45 90 48	1
45 90 83	1
45 94 00	1
45 9c 00	1
45 9c 83	1
45 a0 01	1
45 a0 f2	1
45 a4 00	1
45 a8 f2	1
45 b0 b8	1
45 b0 be	1
45 b0 f2	1
45 b8 76	1
45 b8 8b	1
45 be 05	1
45 c0 4c	1
45 c0 66	1
45 c0 bb	1
45 c8 c7	1
45 cc 01	1
45 d0 00	1
45 d0 75	1
45 d0 bb	1
45 d4 48	1
45 d8 04	1
45 d8 0f	1
45 d8 28	1
45 d8 4c	1
45 d8 88	1
45 d8 c9	1
45 d8 eb	1
45 dc 01	1
45 dc 48	1
45 dc 7c	1
45 dc ff	1
45 e0 41	1
45 e4 48	1
45 e4 7c	1
45 e8 04	1
45 e8 0f	1
45 e8 28	1
45 e8 bb	1
45 e8 eb	1
45 e8 ff	1
45 ec 00	1
45 ec 01	1
45 f0 8b	1
45 f4 00	1
45 f4 8b	1
45 f8 01	1
45 f8 09	1
45 f8 28	1
46 01 00	1
46 12 40	1
46 13 40	1
46 14 40	1
46 38 40	1
46 46 53	1
46 47 40	1
46 52 53	1
46 d6 ff	1
46 d7 ff	1
46 da ff	1
46 e4 ff	1
46 eb 04	1
47 0c 07	1
47 43 43	1
47 f9 ff	1
48 01 ca	1
48 04 00	1
48 04 48	1
48 05 00	1
48 0c 00	1
48 0e 38	1
48 0f af	1
48 28 48	1
48 2f 00	1
48 48 89	1
48 63 d0	1
48 81 c4	1
48 83 3d	1
48 83 f8	1
48 85 c0	1
48 89 10	1
48 89 95	1
48 89 b5	1
48 89 cf	1
48 89 d1	1
48 89 d9	1
48 89 da	1
48 89 e2	1
48 8b 8d	1
48 8b b5	1
48 90 60	1
48 91 60	1
48 98 89	1
48 af ff	1
48 b8 00	1
48 b8 66	1
48 b8 cd	1
48 b8 ff	1
48 c1 e2	1
48 c1 ea	1
48 c1 fd	1
48 c7 c1	1
48 d1 ff	1
48 e1 ff	1
48 ec ff	1
48 ee ff	1
48 f0 ff	1
49 01 00	1
49 10 00	1
49 4f 5f	1
49 53 34	1
49 5f 6f	1
49 6d 45	1
49 89 c5	1
49 89 c6	1
49 89 d1	1
49 89 d5	1
49 ba ff	1
4a 04 00	1
4a 0f 0b	1
4a 43 52	1
4a 5c 40	1
4a 76 5f	1
4a 7d 20	1
4a da ff	1
4a ef ff	1
4b 03 00	1
4b 2c 00	1
4b 53 33	1
4b 53 38	1
4b 53 39	1
4b 53 62	1
4b 53 73	1
4b 54 30	1
4b 63 40	1
4b 69 50	1
4b 76 00	1
4c 01 f0	1
4c 0b 00	1
4c 0c 00	1
4c 0d 00	1
4c 0e 00	1
4c 13 00	1
4c 15 00	1
4c 18 00	1
4c 38 5f	1
4c 45 52	1
4c 46 02	1
4c 49 53	1
4c 89 e9	1
4c 89 ea	1
4c 89 f2	1
4c d3 ff	1
4c da ff	1
4c f3 ff	1
4c fa ff	1
4d 45 5f	1
4d 49 43	1
4d 5f 63	1
4d 5f 69	1
4d 5f 72	1
4d 65 6d	1
4d 9c f2	1
4d c8 48	1
4d d4 f2	1
4d f8 48	1
4e 00 00	1
4e 02 00	1
4e 05 61	1
4e 23 00	1
4e 31 30	1
4e 41 4d	1
4e ae 03	1
4e c6 ff	1
4e e0 ff	1
4f 00 00	1
4f 15 00	1
4f 2b 00	1
50 00 65	1
50 01 48	1
50 04 48	1
50 07 00	1
50 08 c9	1
50 0b 00	1
50 0c 07	1
50 10 e9	1
50 15 40	1
50 1e 00	1
50 20 48	1
50 20 c9	1
50 26 79	1
50 46 52	1
50 48 89	1
50 4b 53	1
50 4b 76	1
50 4c 52	1
50 54 40	1
50 5b 40	1
50 5b 41	1
50 69 4c	1
50 69 52	1
50 69 69	1
50 76 00	1
50 76 53	1
50 90 60	1
50 91 60	1
50 d8 ff	1
50 db ff	1
50 dc ff	1
50 e1 ff	1
50 e5 74	1
50 eb ff	1
50 f3 ff	1
50 fc 48	1
50 fd ff	1
51 04 00	1
51 05 64	1
51 0b 00	1
51 22 00	1
51 7d 20	1
51 e5 74	1
52 04 00	1
52 05 00	1
52 05 af	1
52 09 00	1
52 41 4d	1
52 4b 4e	1
52 4b 54	1
52 4b 69	1
52 4b 6c	1
52 53 32	1
52 53 6f	1
52 5f 4c	1
52 65 67	1
52 7d 20	1
52 e1 ff	1
52 e5 74	1
52 f0 ff	1
52 fb ff	1
53 0e 00	1
53 14 00	1
53 35 5f	1
53 37 49	1
53 43 5f	1
53 45 52	1
53 45 54	1
53 48 81	1
53 4c 29	1
53 4e 40	1
53 54 5f	1
53 5f 45	1
53 5f 73	1
53 62 49	1
53 6f 53	1
53 6f 6c	1
53 73 35	1
53 73 44	1
53 74 37	1
53 74 4c	1
54 01 00	1
54 07 00	1
54 0c 00	1
54 0f 00	1
54 11 00	1
54 13 00	1
54 16 00	1
54 18 40	1
54 19 00	1
54 1a 00	1
54 1b 00	1
54 41 42	1
54 49 37	1
54 49 c7	1
54 4c 8d	1
54 56 37	1
54 56 4e	1
54 58 40	1
54 5f 50	1
54 5f 52	1
54 b0 ff	1
54 de ff	1
54 eb ff	1
55 00 66	1
55 05 00	1
55 29 20	1
55 48 8d	1
55 6e 61	1
55 98 48	1
55 9c 89	1
55 a0 89	1
55 a4 89	1
55 bf f0	1
55 c0 48	1
55 d0 01	1
55 d8 c7	1
55 e8 8b	1
55 f4 89	1
55 f8 ff	1
56 00 00	1
56 0c 07	1
56 12 40	1
56 13 40	1
56 14 40	1
56 3a 40	1
56 49 89	1
56 4e 31	1
56 5d 40	1
56 d3 ff	1
56 db ff	1
56 de ff	1
56 fa ff	1
57 00 00	1
57 01 00	1
57 0a 00	1
57 1b 00	1
57 49 89	1
58 02 00	1
58 0d 00	1
58 14 00	1
58 3f 40	1
58 48 89	1
58 90 60	1
58 91 60	1
58 b0 48	1
58 b8 ff	1
58 d4 ff	1
58 f8 48	1
59 00 01	1
59 1a 00	1
59 40 00	1
59 40 48	1
59 c1 f2	1
59 f0 ff	1
5a 19 00	1
5a 31 34	1
5a 34 31	1
5a 39 62	1
5a 4c 31	1
5a 54 53	1
5a 54 56	1
5a 64 6c	1
5a 6e 77	1
5a 7d 20	1
5a e7 ff	1
5a ed ff	1
5b 5d 41	1
5c 02 00	1
5c 06 00	1
5c 07 00	1
5c 09 00	1
5c 0a 00	1
5c 0d 00	1
5c 0f 00	1
5c 10 00	1
5c 11 00	1
5c 12 00	1
5c 13 00	1
5c 1c 00	1
5c 40 00	1
5c b8 ff	1
5c c8 f2	1
5c de ff	1
5c ff ff	1
5d 05 75	1
5d 16 00	1
5d 21 95	1
5d 27 00	1
5d 29 00	1
5d 41 5e	1
5d 48 89	1
5d c3 ba	1
5d c6 05	1
5d f1 ff	1
5e 02 00	1
5e 0c 00	1
5e 5d c3	1
5e c8 66	1
5e d3 ff	1
5e f7 ff	1
5f 00 66	1
5f 00 6f	1
5f 00 73	1
5f 1f 00	1
5f 20 00	1
5f 24 00	1
5f 30 69	1
5f 40 40	1
5f 43 6f	1
5f 45 76	1
5f 46 52	1
5f 49 74	1
5f 4a 43	1
5f 4a 76	1
5f 4f 46	1
5f 50 4b	1
5f 50 53	1
5f 50 69	1
5f 53 30	1
5f 53 36	1
5f 53 37	1
5f 53 42	1
5f 53 43	1
5f 53 5f	1
5f 54 31	1
5f 5a 31	1
5f 5a 5a	1
5f 5f 4a	1
5f 5f 54	1
5f 5f 62	1
5f 5f 65	1
5f 5f 6d	1
5f 5f 73	1
5f 61 74	1
5f 62 79	1
5f 63 6e	1
5f 63 73	1
5f 64 69	1
5f 64 6f	1
5f 64 74	1
5f 65 71	1
5f 65 78	1
5f 66 72	1
5f 67 6c	1
5f 67 6d	1
5f 69 66	1
5f 6d 61	1
5f 6f 6e	1
5f 6f 70	1
5f 70 76	1
5f 72 61	1
5f 73 7a	1
5f 74 6d	1
5f 75 73	1
5f 76 61	1
5f 84 db	1
5f fe ff	1
60 0c 07	1
60 56 40	1
60 90 60	1
60 91 60	1
60 af ff	1
60 d8 48	1
60 da ff	1
60 e4 ff	1
60 ec ff	1
60 fc 48	1
60 fd ff	1
60 fe ff	1
61 00 5f	1
61 00 76	1
61 07 00	1
61 0d 00	1
61 10 00	1
61 2e 64	1
61 2e 70	1
61 49 50	1
61 53 45	1
61 5f 65	1
61 5f 72	1
61 62 69	1
61 63 63	1
61 63 69	1
61 64 40	1
61 64 64	1
61 6c 73	1
61 6e 64	1
61 70 61	1
61 72 45	1
61 72 65	1
61 73 68	1
61 74 20	1
61 78 49	1
61 78 5f	1
61 dc ff	1
62 00 55	1
62 03 00	1
62 08 00	1
62 0c 00	1
62 37 40	1
62 49 53	1
62 50 4b	1
62 5f 49	1
62 61 64	1
62 61 6c	1
62 63 2e	1
62 69 76	1
62 73 73	1
62 7d 20	1
62 ec ff	1
62 f9 ff	1
63 00 2e	1
63 00 73	1
63 01 00	1
63 45 00	1
63 45 40	1
63 45 53	1
63 48 8b	1
63 59 40	1
63 5f 63	1
63 5f 69	1
63 63 5f	1
63 65 70	1
63 65 73	1
63 68 00	1
63 6c 61	1
63 6f 6e	1
63 70 70	1
63 72 00	1
63 72 65	1
63 73 75	1
63 76 00	1
63 d2 48	1
64 00 00	1
64 00 2e	1
64 00 5d	1
64 00 61	1
64 04 00	1
64 05 00	1
64 0a 00	1
64 0d 00	1
64 0e 00	1
64 0f 00	1
64 10 00	1
64 12 00	1
64 15 00	1
64 16 00	1
64 17 00	1
64 20 66	1
64 2d 6c	1
64 40 40	1
64 4c 40	1
64 5f 6d	1
64 63 2b	1
64 65 00	1
64 65 40	1
64 65 45	1
64 65 53	1
64 69 66	1
64 6c 49	1
64 6f 5f	1
64 6f 6d	1
64 72 65	1
64 73 6f	1
64 74 6f	1
64 db ff	1
64 e3 ff	1
64 ee ff	1
64 fa ff	1
64 fe ff	1
65 00 61	1
65 00 66	1
65 00 6c	1
65 00 6d	1
65 05 00	1
65 11 00	1
65 1a 40	1
65 20 00	1
65 20 25	1
65 20 77	1
65 45 6d	1
65 53 74	1
65 5f 68	1
65 5f 6f	1
65 5f 73	1
65 61 74	1
65 64 20	1
65 64 2e	1
65 64 61	1
65 65 00	1
65 65 6b	1
65 6b 00	1
65 6d 6f	1
65 6e 67	1
65 71 35	1
65 71 49	1
65 71 61	1
65 72 43	1
65 72 72	1
65 73 20	1
65 73 3a	1
65 74 65	1
65 74 68	1
65 74 75	1
65 78 63	1
65 78 74	1
65 f4 ff	1
66 00 00	1
66 00 6d	1
66 05 00	1
66 06 5d	1
66 0f 28	1
66 12 40	1
66 13 40	1
66 14 40	1
66 1a 00	1
66 20 64	1
66 2e 0f	1
66 2e 63	1
66 49 37	1
66 4f 40	1
66 5f 70	1
66 63 6c	1
66 66 65	1
66 6f 45	1
66 70 72	1
66 73 65	1
66 79 38	1
66 90 0f	1
66 90 48	1
66 db ff	1
66 e9 ff	1
66 f3 ff	1
66 f5 ff	1
67 0a 00	1
67 0c 00	1
67 0c 07	1
67 2e 00	1
67 45 38	1
67 63 63	1
67 65 45	1
67 6c 6f	1
67 6d 6f	1
67 6f 74	1
67 b7 ff	1
68 00 00	1
68 00 2e	1
68 00 5f	1
68 01 00	1
68 02 00	1
68 04 00	1
68 05 00	1
68 06 00	1
68 07 00	1
68 08 00	1
68 09 00	1
68 0a 00	1
68 0b 00	1
68 0d 00	1
68 0f 00	1
68 10 00	1
68 11 00	1
68 12 00	1
68 13 00	1
68 14 00	1
68 15 00	1
68 16 00	1
68 17 00	1
68 18 00	1
68 19 00	1
68 1a 00	1
68 1b 00	1
68 1c 00	1
68 1d 00	1
68 1e 00	1
68 1f 00	1
68 20 00	1
68 21 00	1
68 22 00	1
68 23 00	1
68 24 00	1
68 25 00	1
68 26 00	1
68 27 00	1
68 28 00	1
68 29 00	1
68 2a 00	1
68 2b 00	1
68 2c 00	1
68 2d 00	1
68 48 89	1
68 53 40	1
68 5e 40	1
68 5f 65	1
68 61 6e	1
68 64 72	1
68 65 6c	1
68 65 6e	1
68 69 50	1
68 90 60	1
68 91 60	1
68 dc ff	1
68 e1 ff	1
69 00 2e	1
69 00 66	1
69 04 00	1
69 09 00	1
69 1c 00	1
69 40 40	1
69 45 38	1
69 45 39	1
69 45 43	1
69 45 4e	1
69 49 50	1
69 52 4b	1
69 53 32	1
69 5f 40	1
69 5f 61	1
69 62 36	1
69 62 67	1
69 62 6d	1
69 62 73	1
69 66 5f	1
69 69 00	1
69 69 45	1
69 6d 54	1
69 6e 40	1
69 6e 45	1
69 6e 63	1
69 6e 66	1
69 6f 69	1
69 6f 6e	1
69 73 5f	1
69 73 70	1
69 74 40	1
69 74 43	1
69 74 44	1
69 74 79	1
69 76 31	1
69 78 45	1
6a 04 00	1
6a 1d 00	1
6a 1e 00	1
6a 25 99	1
6a 40 40	1
6a 7c 20	1
6a 7d 20	1
6a b7 ff	1
6a c0 ff	1
6a d4 ff	1
6a db ff	1
6a e1 ff	1
6a e7 ff	1
6b 00 00	1
6b 05 00	1
6b 40 40	1
6b b6 00	1
6c 00 5f	1
6c 00 69	1
6c 06 00	1
6c 08 00	1
6c 09 00	1
6c 0e 00	1
6c 0e 38	1
6c 13 00	1
6c 15 00	1
6c 18 00	1
6c 1f 00	1
6c 2f 00	1
6c 38 40	1
6c 3c 40	1
6c 40 40	1
6c 43 31	1
6c 49 4e	1
6c 49 63	1
6c 50 76	1
6c 5f 61	1
6c 5f 64	1
6c 64 2d	1
6c 65 2c	1
6c 65 61	1
6c 65 63	1
6c 69 6e	1
6c 6c 5f	1
6c 6f 62	1
6c 6f 73	1
6c 70 76	1
6c 73 45	1
6c 75 65	1
6c d7 ff	1
6c de ff	1
6c ed ff	1
6d 00 2e	1
6d 07 00	1
6d 13 00	1
6d 20 61	1
6d 20 6e	1
6d 2e 63	1
6d 2e 73	1
6d 40 40	1
6d 49 69	1
6d 50 4b	1
6d 50 76	1
6d 5f 61	1
6d 5f 63	1
6d 61 69	1
6d 62 65	1
6d 65 6e	1
6d 69 49	1
6d 69 63	1
6d 69 74	1
6d 6d 65	1
6d 6f 6e	1
6d 6f 72	1
6d 70 61	1
6d 73 3a	1
6d 74 61	1
6d 79 00	1
6d 79 5f	1
6d d8 28	1
6d f8 01	1
6e 00 2e	1
6e 00 5f	1
6e 03 00	1
6e 0b 00	1
6e 0c 00	1
6e 0f 00	1
6e 20 61	1
6e 20 6f	1
6e 20 76	1
6e 21 00	1
6e 2c 20	1
6e 2d 00	1
6e 2d 61	1
6e 40 40	1
6e 5f 63	1
6e 5f 72	1
6e 5f 73	1
6e 61 6d	1
6e 63 72	1
6e 63 74	1
6e 64 00	1
6e 65 49	1
6e 65 73	1
6e 66 6f	1
6e 67 00	1
6e 69 5f	1
6e 6f 65	1
6e 6f 6e	1
6e 73 74	1
6e 74 40	1
6e 74 66	1
6e 74 72	1
6e 75 78	1
6e 76 61	1
6e d6 ff	1
6e f3 ff	1
6f 20 6f	1
6f 2e 32	1
6f 45 00	1
6f 53 5f	1
6f 5f 67	1
6f 5f 68	1
6f 62 61	1
6f 63 40	1
6f 63 76	1
6f 64 61	1
6f 65 78	1
6f 66 00	1
6f 66 40	1
6f 66 5f	1
6f 69 40	1
6f 6c 64	1
6f 6e 00	1
6f 6e 2d	1
6f 6e 74	1
6f 72 20	1
6f 72 3a	1
6f 72 50	1
6f 72 73	1
6f 74 00	1
6f 74 20	1
6f 77 00	1
6f 79 45	1
70 00 00	1
70 00 5f	1
70 00 66	1
70 1e 00	1
70 40 40	1
70 45 69	1
70 65 5f	1
70 6c 65	1
70 70 45	1
70 74 5f	1
70 79 45	1
70 7d 40	1
70 90 60	1
70 91 60	1
70 d6 ff	1
70 df ff	1
70 e2 ff	1
70 f5 ff	1
70 f6 ff	1
70 fd ff	1
71 00 5f	1
71 04 00	1
71 09 00	1
71 31 32	1
71 31 33	1
71 37 67	1
71 37 73	1
71 43 31	1
71 44 31	1
71 45 31	1
71 45 38	1
71 45 39	1
71 45 4e	1
71 49 69	1
71 4c 62	1
71 53 30	1
71 53 33	1
71 58 40	1
71 5f 6c	1
72 01 00	1
72 02 00	1
72 0f 8b	1
72 43 6c	1
72 50 4b	1
72 53 74	1
72 5a 40	1
72 5f 63	1
72 61 67	1
72 61 73	1
72 65 65	1
72 65 6d	1
72 65 74	1
72 70 00	1
72 72 00	1
72 72 40	1
72 73 2e	1
72 73 5f	1
72 73 69	1
72 74 45	1
72 74 73	1
72 79 00	1
72 79 20	1
72 7c 20	1
72 7d 20	1
72 e4 ff	1
73 00 5f	1
73 00 72	1
73 0c 07	1
73 15 00	1
73 20 00	1
73 2e 73	1
73 35 63	1
73 44 31	1
73 45 50	1
73 45 53	1
73 48 89	1
73 5f 61	1
73 5f 73	1
73 5f 74	1
73 5f 77	1
73 65 00	1
73 65 5f	1
73 65 64	1
73 65 65	1
73 65 6c	1
73 65 73	1
73 68 73	1
73 69 6f	1
73 6f 66	1
73 70 72	1
73 73 00	1
73 73 65	1
73 74 00	1
73 74 69	1
73 74 75	1
73 75 5f	1
73 75 62	1
73 f4 ff	1
74 00 00	1
74 00 61	1
74 01 00	1
74 02 00	1
74 05 e8	1
74 07 00	1
74 08 48	1
74 0c 00	1
74 0f 00	1
74 10 c7	1
74 11 00	1
74 14 55	1
74 15 e8	1
74 16 00	1
74 18 8b	1
74 19 00	1
74 1a 00	1
74 1b 00	1
74 1d 00	1
74 1e 0f	1
74 1e b8	1
74 1f 48	1
74 20 00	1
74 20 64	1
74 20 6c	1
74 29 92	1
74 2a 00	1
74 2b 48	1
74 2e 70	1
74 31 35	1
74 31 37	1
74 31 48	1
74 32 36	1
74 33 34	1
74 33 48	1
74 34 40	1
74 34 65	1
74 35 65	1
74 37 61	1
74 39 5f	1
74 3a 48	1
74 3e be	1
74 40 40	1
74 43 31	1
74 44 31	1
74 45 69	1
74 49 69	1
74 50 68	1
74 5f 5f	1
74 5f 62	1
74 5f 65	1
74 5f 68	1
74 5f 6d	1
74 5f 6e	1
74 5f 73	1
74 5f 74	1
74 61 62	1
74 61 67	1
74 61 74	1
74 63 68	1
74 64 06	1
74 64 69	1
74 65 64	1
74 65 6e	1
74 65 71	1
74 66 40	1
74 68 5f	1
74 68 69	1
74 68 73	1
74 69 48	1
74 69 63	1
74 6c 73	1
74 6d 5f	1
74 6f 20	1
74 6f 69	1
74 70 75	1
74 72 00	1
74 72 45	1
74 72 79	1
74 73 5f	1
74 7d 00	1
74 dd ff	1
74 f4 5d	1
75 00 51	1
75 00 8e	1
75 02 5d	1
75 06 90	1
75 08 00	1
75 1a 69	1
75 20 48	1
75 24 48	1
75 29 48	1
75 2d 48	1
75 2e 76	1
75 30 48	1
75 3d 48	1
75 3f 48	1
75 43 48	1
75 45 81	1
75 50 40	1
75 5f 66	1
75 65 6e	1
75 66 66	1
75 69 6c	1
75 6d 20	1
75 72 6e	1
75 74 20	1
75 78 00	1
75 78 45	1
75 9d 48	1
75 a0 48	1
75 d1 48	1
75 d8 48	1
75 ea 48	1
75 f0 eb	1
75 f8 83	1
75 f8 8b	1
76 05 00	1
76 12 40	1
76 13 40	1
76 14 40	1
76 1e 00	1
76 31 31	1
76 45 32	1
76 50 54	1
76 52 53	1
76 5f 52	1
76 61 6c	1
76 65 49	1
76 65 72	1
76 f0 ff	1
76 f2 ff	1
76 f3 ff	1
77 11 00	1
77 12 00	1
77 2c 00	1
77 40 40	1
77 5f 62	1
77 5f 6c	1
77 68 65	1
77 69 74	1
77 6d 40	1
77 e0 ff	1
77 fe ff	1
78 0c 07	1
78 1e 00	1
78 20 00	1
78 2d 78	1
78 38 36	1
78 3c 00	1
78 45 4e	1
78 49 4c	1
78 49 50	1
78 5f 66	1
78 61 62	1
78 6d 69	1
78 6e 65	1
78 78 61	1
78 78 65	1
78 78 6d	1
78 78 6e	1
78 90 60	1
78 91 60	1
78 bd ff	1
78 d4 ff	1
78 de ff	1
78 f9 ff	1
79 00 6e	1
79 01 00	1
79 03 00	1
79 0b 00	1
79 0c 07	1
79 20 74	1
79 45 76	1
79 49 6b	1
79 51 40	1
79 5f 61	1
79 d8 ff	1
7a 03 00	1
7a 0f 00	1
7a 20 00	1
7a 30 00	1
7a 57 40	1
7a 61 74	1
7a 7c 20	1
7a 7d 20	1
7a 83 bd	1
7a d3 ff	1
7a dc ff	1
7a de ff	1
7a e2 ff	1
7a e6 ff	1
7a f1 ff	1
7a f2 ff	1
7a f9 ff	1
7b 18 00	1
7b 21 00	1
7c 09 00	1
7c 0a 00	1
7c 0d 00	1
7c 0e 00	1
7c 0f 00	1
7c 10 00	1
7c 11 00	1
7c 12 00	1
7c 14 00	1
7c 1c 00	1
7c 3a 40	1
7c 48 8d	1
7c 95 8b	1
7c ba 8b	1
7c de ff	1
7d 04 00	1
7d 3c 40	1
7d a2 cb	1
7d a8 48	1
7d d8 89	1
7d dc 00	1
7d ec 00	1
7d f8 00	1
7d f8 89	1
7e 00 00	1
7e 03 00	1
7e 04 00	1
7e 07 c7	1
7e 26 00	1
7e 4c 40	1
7e d8 8b	1
7e db ff	1
7e e3 e9	1
7e e3 ff	1
7e f3 ff	1
7e f6 ff	1
7f 01 00	1
7f 45 4c	1
7f d7 48	1
80 03 10	1
80 0c 00	1
80 14 00	1
80 15 40	1
80 3d 51	1
80 5a 40	1
80 5b 41	1
80 90 60	1
80 91 60	1
80 da ff	1
80 dc ff	1
80 e1 ff	1
80 f2 ff	1
80 fc ff	1
80 ff ff	1
81 13 00	1
81 54 40	1
81 7d f8	1
81 ec 48	1
81 f4 ff	1
82 01 d1	1
82 06 00	1
82 09 00	1
82 19 00	1
82 1d 00	1
82 53 40	1
82 7c 20	1
82 7d 20	1
82 ef ff	1
82 fa ff	1
83 03 78	1
83 03 79	1
83 04 8a	1
83 05 03	1
83 06 03	1
83 13 00	1
83 2b 00	1
83 45 98	1
83 45 a4	1
83 45 d4	1
83 45 fc	1
83 6d e0	1
83 7d dc	1
83 7d fc	1
83 9b 3f	1
83 b1 ff	1
83 bd 2c	1
83 bd 30	1
83 bd 38	1
83 c0 18	1
83 c3 01	1
83 c4 08	1
83 c4 30	1
83 c4 50	1
83 c4 80	1
83 e4 f0	1
83 ec 40	1
83 ec 48	1
83 ec 50	1
83 ec 58	1
83 ec 68	1
83 ec 80	1
83 f0 01	1
84 01 45	1
84 03 02	1
84 05 00	1
84 0a 00	1
84 0d 00	1
84 0e 00	1
84 10 00	1
84 12 00	1
84 13 00	1
84 15 00	1
84 16 00	1
84 17 00	1
84 3c 00	1
84 41 40	1
84 48 8b	1
84 89 d6	1
84 ae 00	1
84 c0 75	1
84 db 90	1
84 de ff	1
84 e1 ff	1
84 ee ff	1
85 10 00	1
85 10 ff	1
85 14 ff	1
85 1d 00	1
85 22 00	1
85 23 00	1
85 24 00	1
85 2b fe	1
85 2c fe	1
85 2c ff	1
85 2d 05	1
85 44 ff	1
85 4c ff	1
85 50 ff	1
85 78 ff	1
85 b0 f3	1
85 b7 fe	1
85 b9 02	1
85 d2 74	1
85 ed 74	1
85 fc fe	1
86 06 45	1
86 06 48	1
86 0c 00	1
86 12 40	1
86 13 40	1
86 14 00	1
86 14 40	1
86 17 40	1
86 34 40	1
86 47 40	1
86 b7 ff	1
86 d9 ff	1
86 e5 ff	1
86 e7 ff	1
87 2f 00	1
88 04 00	1
88 1c 24	1
88 20 00	1
88 45 f3	1
88 4d 40	1
88 90 60	1
88 91 00	1
88 ba b4	1
88 d2 ff	1
88 d3 ff	1
88 e2 ff	1
88 f9 ff	1
89 00 00	1
89 02 48	1
89 08 00	1
89 10 c9	1
89 10 e9	1
89 42 08	1
89 45 84	1
89 45 a0	1
89 45 a8	1
89 45 b8	1
89 45 c8	1
89 45 cc	1
89 4d b0	1
89 4d e0	1
89 55 98	1
89 55 a8	1
89 55 b0	1
89 75 80	1
89 75 a0	1
89 75 b0	1
89 75 d4	1
89 75 f0	1
89 75 f4	1
89 7d 88	1
89 7d a8	1
89 7d d0	1
89 85 00	1
89 85 28	1
89 85 50	1
89 85 60	1
89 85 70	1
89 85 f0	1
89 94 85	1
89 95 78	1
89 9d 30	1
89 9d 38	1
89 bd bc	1
89 c1 ba	1
89 c3 e8	1
89 c7 b8	1
89 cf e8	1
89 d3 48	1
89 d8 e9	1
89 e5 89	1
89 e9 4c	1
89 ee 48	1
89 f6 41	1
89 f6 44	1
8a 01 00	1
8a 03 87	1
8a 14 00	1
8a 7c 20	1
8a 7d 20	1
8a d6 ff	1
8b 00 00	1
8b 00 83	1
8b 00 89	1
8b 00 c9	1
8b 03 00	1
8b 12 89	1
8b 1c 21	1
8b 45 84	1
8b 45 cc	1
8b 45 f4	1
8b 45 fc	1
8b 48 8d	1
8b 4d a0	1
8b 4d d0	1
8b 4d e8	1
8b 50 20	1
8b 55 84	1
8b 55 90	1
8b 55 94	1
8b 55 a8	1
8b 55 d4	1
8b 55 dc	1
8b 55 f4	1
8b 55 f8	1
8b 55 fc	1
8b 58 08	1
8b 58 20	1
8b 60 08	1
8b 65 d0	1
8b 65 d8	1
8b 75 b0	1
8b 85 18	1
8b 85 28	1
8b 85 30	1
8b 85 38	1
8b 85 44	1
8b 85 4c	1
8b 85 58	1
8b 85 68	1
8b 85 70	1
8b 85 78	1
8b 8d e0	1
8b 95 38	1
8b 95 58	1
8b 95 60	1
8b 95 78	1
8b de ff	1
8c 01 00	1
8c 05 83	1
8c 06 00	1
8c 09 00	1
8c 0e 00	1
8c 13 00	1
8c 14 00	1
8c 15 00	1
8c 18 00	1
8c 55 40	1
8c 56 40	1
8c d4 ff	1
8c dd ff	1
8c de ff	1
8c eb ff	1
8d 00 00	1
8d 04 45	1
8d 04 8c	1
8d 0c 02	1
8d 0c 04	1
8d 14 01	1
8d 21 00	1
8d 25 10	1
8d 2d 18	1
8d 50 01	1
8d 50 04	1
8d 50 28	1
8d 50 d8	1
8d 55 90	1
8d 55 b0	1
8d 55 e0	1
8d 55 e8	1
8d 85 2a	1
8d 85 30	1
8d 85 50	1
8d 85 80	1
8d 95 2c	1
8d 95 70	1
8d 95 e0	1
8d a5 30	1
8d a5 80	1
8d a8 f3	1
8d e0 fd	1
8e 01 05	1
8e 03 8d	1
8e 0f 00	1
8e 27 fa	1
8e 49 ff	1
8e b6 ff	1
8e cf ff	1
8f 02 45	1
8f 29 00	1
8f 2f 00	1
8f 54 40	1
8f dd ff	1
8f de ff	1
90 00 00	1
90 01 07	1
90 04 00	1
90 89 d6	1
90 90 60	1
90 bb 00	1
90 da ff	1
90 ef ff	1
90 f7 ff	1
90 fd ff	1
90 ff ff	1
91 da ff	1
92 08 00	1
92 7c 20	1
92 7d 20	1
92 c3 ff	1
92 e4 ff	1
92 eb ff	1
92 ef ff	1
92 f5 ff	1
92 f9 ff	1
92 ff ff	1
93 15 00	1
93 17 05	1
93 40 40	1
93 c0 84	1
93 d0 ff	1
94 00 00	1
94 01 00	1
94 03 00	1
94 0a 00	1
94 0c 00	1
94 0f 00	1
94 11 00	1
94 13 00	1
94 19 00	1
94 1a 00	1
94 1b 00	1
94 34 40	1
94 59 40	1
94 83 45	1
94 89 d6	1
94 c0 c9	1
94 fc ff	1
94 fe ff	1
95 00 ff	1
95 02 00	1
95 0c 07	1
95 10 ff	1
95 1a 05	1
95 2a fe	1
95 2b fe	1
95 2c 00	1
95 38 40	1
95 38 ff	1
95 4c ff	1
95 58 ff	1
95 60 00	1
95 a0 fe	1
95 a8 f3	1
95 d0 fd	1
95 dd ff	1
95 f0 fe	1
95 fe ff	1
96 02 00	1
96 08 00	1
96 12 40	1
96 13 40	1
96 14 40	1
96 42 40	1
96 46 40	1
96 da ff	1
96 de ff	1
96 f0 ff	1
97 05 45	1
97 27 00	1
98 00 00	1
98 01 48	1
98 02 00	1
98 03 00	1
98 0b 00	1
98 11 00	1
98 3e 40	1
98 48 8d	1
98 89 d6	1
98 8b 9c	1
98 90 60	1
98 9a 00	1
98 d6 ff	1
98 de ff	1
98 df ff	1
98 ef ff	1
98 f3 ff	1
98 f6 ff	1
99 00 00	1
99 01 00	1
99 1c 00	1
99 2c 05	1
9a 08 00	1
9a 56 40	1
9a 7c 20	1
9a 7d 20	1
9a b3 ff	1
9a e1 ff	1
9a ed ff	1
9a f3 ff	1
9b f4 ff	1
9c 04 00	1
9c 08 00	1
9c 09 00	1
9c 0a 00	1
9c 0c 00	1
9c 0f 00	1
9c 11 00	1
9c 14 00	1
9c 3a 40	1
9c 52 40	1
9c 85 c0	1
9c d2 ff	1
9c d9 ff	1
9c eb ff	1
9c f0 ff	1
9c f2 ff	1
9c f9 ff	1
9d 01 00	1
9d 2d 00	1
9d 54 40	1
9d b1 ff	1
9e 09 00	1
9e 0e 00	1
9e 1c 00	1
9e 1d 00	1
9e b7 ff	1
9e de ff	1
9e fd ff	1
9f c0 84	1
a0 07 00	1
a0 48 8b	1
a0 5f 40	1
a0 90 60	1
a0 dd ff	1
a0 f2 0f	1
a0 f9 ff	1
a0 fb ff	1
a0 fd ff	1
a0 fe ff	1
a0 ff ff	1
a1 11 00	1
a1 25 00	1
a2 02 00	1
a2 09 00	1
a2 17 40	1
a2 28 00	1
a2 7c 20	1
a2 7d 20	1
a2 d1 ff	1
a2 df ff	1
a2 ee ff	1
a2 fb ff	1
a2 ff ff	1
a3 09 00	1
a3 19 05	1
a3 24 00	1
a3 5f 40	1
a4 01 eb	1
a4 08 00	1
a4 0a 00	1
a4 13 00	1
a4 15 00	1
a4 16 00	1
a4 17 00	1
a4 17 3b	1
a4 42 40	1
a4 cc ff	1
a4 db ff	1
a4 e1 ff	1
a4 ef ff	1
a4 f0 ff	1
a4 f1 ff	1
a5 1a 00	1
a6 01 00	1
a6 12 40	1
a6 13 40	1
a6 14 40	1
a6 16 00	1
a6 3e 40	1
a6 d4 ff	1
a6 dd ff	1
a6 f8 ff	1
a7 00 00	1
a7 09 00	1
a7 1e 00	1
a7 21 00	1
a7 db ff	1
a7 dd ff	1
a8 00 00	1
a8 01 00	1
a8 09 00	1
a8 0a 00	1
a8 2a 00	1
a8 2c 00	1
a8 76 0b	1
a8 8b 00	1
a8 90 60	1
a8 c7 45	1
a8 dd ff	1
a9 b9 ff	1
aa 00 00	1
aa 03 00	1
aa 7c 20	1
aa 7d 20	1
aa f2 ff	1
aa ff ff	1
ac 06 00	1
ac 07 00	1
ac 09 00	1
ac 0b 00	1
ac 0e 00	1
ac 10 00	1
ac 13 00	1
ac 14 00	1
ac 15 00	1
ac 18 00	1
ac 23 00	1
ac 4f 40	1
ac 57 40	1
ac eb ff	1
ac f8 ff	1
ad 08 00	1
ae 01 00	1
ae 09 00	1
ae 1a 05	1
ae 22 00	1
ae 55 40	1
ae 59 40	1
ae d1 ff	1
ae f8 ff	1
ae fb ff	1
af 2f 00	1
af b9 ff	1
af c2 48	1
b0 00 00	1
b0 03 00	1
b0 15 00	1
b0 5c 40	1
b0 66 0f	1
b0 90 60	1
b0 91 60	1
b0 c7 45	1
b0 dd ff	1
b0 df ff	1
b0 fd ff	1
b0 fe ff	1
b0 ff ff	1
b1 00 00	1
b1 01 00	1
b1 06 00	1
b1 25 00	1
b1 2e 00	1
b2 00 00	1
b2 11 00	1
b2 16 00	1
b2 1a 00	1
b2 7c 20	1
b2 7d 20	1
b2 de ff	1
b2 e1 ff	1
b2 f3 ff	1
b3 20 00	1
b3 2b 00	1
b3 dd ff	1
b4 01 00	1
b4 01 27	1
b4 05 00	1
b4 0b 00	1
b4 0c 00	1
b4 11 00	1
b4 19 00	1
b4 1a 00	1
b4 1c 00	1
b4 56 40	1
b4 d1 ff	1
b4 de ff	1
b4 f9 ff	1
b5 12 00	1
b5 58 ff	1
b5 b0 f3	1
b5 f7 ff	1
b5 ff ff	1
b6 00 00	1
b6 00 0f	1
b6 00 88	1
b6 12 40	1
b6 13 40	1
b6 14 40	1
b6 19 05	1
b6 28 00	1
b6 45 f3	1
b6 c0 89	1
b6 d0 ff	1
b6 d8 ff	1
b6 e1 ff	1
b6 e6 ff	1
b6 f1 ff	1
b6 f8 ff	1
b6 ff ff	1
b7 03 00	1
b7 03 05	1
b7 0a df	1
b7 1e 00	1
b7 24 00	1
b7 54 40	1
b8 02 4e	1
b8 06 00	1
b8 07 00	1
b8 0d 00	1
b8 39 40	1
b8 50 40	1
b8 65 00	1
b8 90 60	1
b8 90 91	1
b8 91 00	1
b8 97 91	1
b8 ba b4	1
b8 eb ff	1
b8 f2 ff	1
b8 f3 ff	1
b9 05 05	1
b9 dc ff	1
b9 dd ff	1
ba 04 00	1
ba 09 00	1
ba 17 40	1
ba 2b 00	1
ba 3a 00	1
ba 3d 40	1
ba 7c 20	1
ba 7d 20	1
ba d1 ff	1
ba f8 ff	1
ba f9 ff	1
ba ff ff	1
bb 0a 00	1
bb 0b 00	1
bb 14 00	1
bb ff ff	1
bc 04 00	1
bc 08 00	1
bc 09 00	1
bc 0c 00	1
bc 0d 00	1
bc 10 00	1
bc 11 00	1
bc 14 00	1
bc 17 00	1
bc 59 40	1
bc 5b 40	1
bc ca ff	1
bc e2 ff	1
bc ee ff	1
bc fa ff	1
bd 00 00	1
bd 06 00	1
bd 08 00	1
bd 0c 00	1
bd 2c 05	1
bd 44 ff	1
bd 50 ff	1
bd 60 ff	1
bd bc f3	1
bd dd ff	1
bd e0 ff	1
be 06 5e	1
be 0e 00	1
be 15 5f	1
be 1f 00	1
be 20 5e	1
be 20 93	1
be 20 95	1
be 52 5e	1
be 54 5f	1
be 69 5d	1
be 6c 5d	1
be 87 5f	1
be a0 5e	1
be a0 5f	1
be c3 5d	1
be c7 5d	1
be d6 ff	1
be e1 5d	1
be e4 5d	1
be e6 5e	1
be ea ff	1
be f1 5d	1
be fb 5d	1
bf 01 00	1
bf 26 00	1
bf 88 5d	1
bf d0 ff	1
c0 00 00	1
c0 01 48	1
c0 01 89	1
c0 08 00	1
c0 0f 94	1
c0 10 48	1
c0 15 00	1
c0 20 48	1
c0 28 48	1
c0 48 3b	1
c0 48 83	1
c0 4c 8b	1
c0 51 40	1
c0 74 04	1
c0 74 0a	1
c0 74 0d	1
c0 74 10	1
c0 74 22	1
c0 74 3e	1
c0 74 f4	1
c0 75 cc	1
c0 7e 12	1
c0 89 85	1
c0 90 60	1
c0 b8 00	1
c0 be 00	1
c0 ce ff	1
c0 d9 ff	1
c0 da ff	1
c0 df ff	1
c0 ee ff	1
c0 ef ff	1
c0 ff ff	1
c1 06 00	1
c1 48 8d	1
c1 b0 5c	1
c1 f8 03	1
c2 00 00	1
c2 01 89	1
c2 0f 84	1
c2 11 00	1
c2 1e 00	1
c2 23 00	1
c2 48 83	1
c2 48 8d	1
c2 5d c3	1
c2 73 06	1
c2 7c 20	1
c2 7d 20	1
c2 d2 ff	1
c2 ea ff	1
c2 ef ff	1
c3 00 00	1
c3 0f 9f	1
c3 1a 05	1
c3 3b 40	1
c3 66 66	1
c3 90 41	1
c3 b8 00	1
c3 e8 24	1
c3 e8 58	1
c3 e8 d0	1
c3 eb 03	1
c3 eb 57	1
c4 02 00	1
c4 05 00	1
c4 08 00	1
c4 08 5b	1
c4 08 c3	1
c4 0a 00	1
c4 0d 00	1
c4 10 5b	1
c4 13 00	1
c4 15 00	1
c4 16 00	1
c4 17 00	1
c4 1c 00	1
c4 40 5b	1
c4 48 0c	1
c4 48 5b	1
c4 50 5b	1
c4 58 5b	1
c4 68 5b	1
c4 e1 ff	1
c5 19 40	1
c5 48 8b	1
c6 0c 00	1
c6 12 40	1
c6 13 40	1
c6 14 40	1
c6 48 8b	1
c6 bf 04	1
c6 ce ff	1
c6 dd ff	1
c6 fa ff	1
c7 00 00	1
c7 00 f0	1
c7 40 20	1
c7 45 8c	1
c7 45 90	1
c7 45 98	1
c7 45 a0	1
c7 45 cc	1
c7 45 d4	1
c7 45 ec	1
c7 45 f8	1
c7 45 fc	1
c7 5d 40	1
c7 c0 20	1
c7 c7 2a	1
c7 e8 1a	1
c7 e8 1b	1
c7 e8 22	1
c7 e8 2a	1
c7 e8 2f	1
c7 e8 30	1
c7 e8 36	1
c7 e8 3b	1
c7 e8 3d	1
c7 e8 4e	1
c7 e8 51	1
c7 e8 53	1
c7 e8 54	1
c7 e8 5e	1
c7 e8 5f	1
c7 e8 61	1
c7 e8 6d	1
c7 e8 72	1
c7 e8 74	1
c7 e8 77	1
c7 e8 78	1
c7 e8 7c	1
c7 e8 84	1
c7 e8 8b	1
c7 e8 8c	1
c7 e8 94	1
c7 e8 95	1
c7 e8 98	1
c7 e8 a0	1
c7 e8 a1	1
c7 e8 a3	1
c7 e8 a6	1
c7 e8 a7	1
c7 e8 a8	1
c7 e8 b4	1
c7 e8 b6	1
c7 e8 ba	1
c7 e8 bb	1
c7 e8 bc	1
c7 e8 bd	1
c7 e8 be	1
c7 e8 c8	1
c7 e8 d2	1
c7 e8 d4	1
c7 e8 d7	1
c7 e8 db	1
c7 e8 e9	1
c7 e8 ee	1
c7 e8 ef	1
c7 e8 f1	1
c7 e8 f2	1
c7 ff ff	1
c8 0f 84	1
c8 10 00	1
c8 48 c7	1
c8 4b 40	1
c8 90 60	1
c8 b7 ff	1
c8 d8 ff	1
c8 ea ff	1
c8 f8 ff	1
c9 21 00	1
c9 2d 00	1
c9 81 0a	1
c9 f5 ff	1
ca 05 00	1
ca 0d 00	1
ca 1b 00	1
ca 1c 00	1
ca 7c 20	1
ca 7d 20	1
ca 8b 12	1
ca c0 ff	1
ca ea ff	1
ca f3 ff	1
cb 19 40	1
cb 2d 00	1
cb 6b 29	1
cb d2 ff	1
cb e3 83	1
cc 00 00	1
cc 01 df	1
cc 0b 00	1
cc 10 00	1
cc 11 00	1
cc 13 00	1
cc 14 00	1
cc 15 00	1
cc 19 2a	1
cc 3b 85	1
cc 48 8d	1
cc c7 45	1
cc cc 48	1
cc ce ff	1
cc dd ff	1
cc e2 ff	1
cc f4 ff	1
cc fe ff	1
cc ff ff	1
cd 04 00	1
cd 2c 00	1
cd 2e 00	1
cd cc cc	1
cd d0 ff	1
ce 09 00	1
ce 0c 00	1
ce 13 00	1
ce 42 40	1
ce da ff	1
ce f0 ff	1
ce f2 ff	1
ce ff ff	1
cf 03 00	1
cf 11 00	1
cf e8 ca	1
cf ff ff	1
d0 01 00	1
d0 08 00	1
d0 0f b6	1
d0 10 00	1
d0 19 00	1
d0 3b 85	1
d0 3e 40	1
d0 48 01	1
d0 48 d1	1
d0 4c 89	1
d0 4c 8b	1
d0 5d e9	1
d0 5f 40	1
d0 90 60	1
d0 ce ff	1
d0 e4 ff	1
d0 eb 0b	1
d0 fe ff	1
d0 ff ff	1
d1 00 00	1
d1 02 00	1
d1 05 01	1
d1 57 40	1
d1 5e 48	1
d1 ba 01	1
d1 f8 75	1
d2 00 00	1
d2 16 00	1
d2 1a cc	1
d2 25 00	1
d2 26 00	1
d2 38 40	1
d2 41 40	1
d2 46 40	1
d2 51 40	1
d2 7c 20	1
d2 af ff	1
d2 dc ff	1
d2 eb ff	1
d2 f4 ff	1
d2 f7 ff	1
d2 ff ff	1
d3 09 00	1
d3 27 00	1
d3 af 6b	1
d3 ff ff	1
d4 00 00	1
d4 01 00	1
d4 01 48	1
d4 02 00	1
d4 03 00	1
d4 06 00	1
d4 0b 00	1
d4 0e 00	1
d4 11 00	1
d4 18 00	1
d4 19 00	1
d4 1a 00	1
d4 1b 00	1
d4 1c 00	1
d4 2b 00	1
d4 52 40	1
d4 5e 40	1
d4 7d 20	1
d4 89 d6	1
d4 8b 45	1
d4 d4 ff	1
d4 df ff	1
d4 f2 0f	1
d4 ff ff	1
d5 07 00	1
d5 41 54	1
d5 4c 14	1
d5 ce ff	1
d5 ec ff	1
d6 00 00	1
d6 02 00	1
d6 05 00	1
d6 0d 00	1
d6 12 40	1
d6 13 40	1
d6 14 40	1
d6 59 40	1
d6 dd ff	1
d7 09 05	1
d7 1c 00	1
d7 25 00	1
d7 29 00	1
d7 2e 00	1
d7 e8 2e	1
d7 e8 52	1
d7 e8 64	1
d7 e8 70	1
d7 e8 80	1
d7 e8 ac	1
d7 e8 bc	1
d7 e8 c2	1
d7 e8 ea	1
d7 ff ff	1
d8 01 8b	1
d8 02 00	1
d8 0f 92	1
d8 0f 93	1
d8 14 00	1
d8 1c 00	1
d8 3b 45	1
d8 4c 89	1
d8 4e 40	1
d8 53 40	1
d8 5a 40	1
d8 8b 55	1
d8 90 60	1
d8 92 00	1
d8 d2 ff	1
d8 eb 14	1
d8 fd ff	1
d9 02 00	1
d9 40 40	1
d9 48 89	1
da 03 00	1
da 0a 00	1
da 0c 00	1
da 4a 40	1
da 7c 20	1
da b7 ff	1
da de ff	1
da f3 ff	1
da ff ff	1
db 02 00	1
db 10 00	1
db 18 3c	1
db 2d 00	1
db 74 1e	1
db 84 c0	1
dc 00 00	1
dc 01 00	1
dc 04 00	1
dc 05 00	1
dc 05 7e	1
dc 06 00	1
dc 09 00	1
dc 0d 00	1
dc 10 00	1
dc 11 00	1
dc 14 00	1
dc 1e 00	1
dc 39 40	1
dc 48 83	1
dc 89 85	1
dc 89 d6	1
dc d0 ff	1
dc ff ff	1
dd 01 00	1
dd 04 00	1
dd 1d 00	1
dd 2b 00	1
dd c9 c3	1
de 00 00	1
de 02 00	1
de 1c 00	1
de 1d 00	1
de 21 00	1
de d2 ff	1
de d6 ff	1
de e1 ff	1
de e4 ff	1
df 0b 00	1
df 26 00	1
df e8 70	1
df e8 b0	1
e0 02 00	1
e0 02 4c	1
e0 0f 1f	1
e0 19 00	1
e0 28 48	1
e0 5d c3	1
e0 5f 40	1
e0 90 60	1
e0 dc ff	1
e0 df ff	1
e0 e1 ff	1
e0 e3 ff	1
e0 f5 ff	1
e1 0f 00	1
e1 2c 05	1
e1 5d 40	1
e1 a8 03	1
e2 02 00	1
e2 02 48	1
e2 0f 1f	1
e2 48 83	1
e2 7c 20	1
e2 cb ff	1
e2 ed ff	1
e2 ee ff	1
e3 01 00	1
e3 12 00	1
e3 2a 00	1
e3 83 bd	1
e3 c7 45	1
e4 05 00	1
e4 07 00	1
e4 0d 00	1
e4 13 00	1
e4 15 00	1
e4 16 00	1
e4 17 00	1
e4 17 40	1
e4 38 40	1
e4 4a 40	1
e4 58 40	1
e4 5d 40	1
e4 ce ff	1
e4 dd ff	1
e4 e6 ff	1
e5 2c 00	1
e5 55 40	1
e5 5d c3	1
e5 77 02	1
e5 be ff	1
e5 e8 7e	1
e5 ff d0	1
e6 0e 00	1
e6 12 40	1
e6 13 40	1
e6 14 40	1
e6 53 40	1
e6 d1 ff	1
e6 dc ff	1
e6 fd ff	1
e7 03 05	1
e7 ff ff	1
e8 00 00	1
e8 01 00	1
e8 01 83	1
e8 01 e2	1
e8 03 00	1
e8 05 00	1
e8 05 02	1
e8 05 e9	1
e8 07 00	1
e8 07 e3	1
e8 07 f4	1
e8 08 f1	1
e8 09 02	1
e8 0b e4	1
e8 0b f4	1
e8 0c 00	1
e8 0d 00	1
e8 0e 00	1
e8 0f 08	1
e8 0f 20	1
e8 0f b6	1
e8 0f e5	1
e8 0f f9	1
e8 11 00	1
e8 11 f1	1
e8 13 0a	1
e8 17 e0	1
e8 19 05	1
e8 19 0f	1
e8 19 e5	1
e8 1b 08	1
e8 1b 0c	1
e8 1b e2	1
e8 1b e4	1
e8 1b ef	1
e8 1d e5	1
e8 1d ea	1
e8 1f 0c	1
e8 21 01	1
e8 21 f0	1
e8 23 e3	1
e8 25 08	1
e8 25 b5	1
e8 25 f2	1
e8 25 f4	1
e8 27 09	1
e8 27 18	1
e8 27 e1	1
e8 28 48	1
e8 2b f0	1
e8 2c 07	1
e8 2d 08	1
e8 2d 0e	1
e8 2d 11	1
e8 2d ed	1
e8 2d ee	1
e8 2d fd	1
e8 2f 07	1
e8 31 ee	1
e8 33 e5	1
e8 35 07	1
e8 35 e2	1
e8 38 07	1
e8 39 e3	1
e8 39 f0	1
e8 3b 14	1
e8 3b 1f	1
e8 3d 04	1
e8 3d 07	1
e8 3d 13	1
e8 3d f5	1
e8 3e 09	1
e8 3f 1e	1
e8 40 06	1
e8 41 09	1
e8 41 0b	1
e8 41 0c	1
e8 41 ca	1
e8 41 eb	1
e8 43 01	1
e8 43 e2	1
e8 45 1f	1
e8 45 e2	1
e8 47 1d	1
e8 47 e4	1
e8 47 f1	1
e8 48 29	1
e8 49 f2	1
e8 4a 07	1
e8 4b 01	1
e8 4b e7	1
e8 4b f9	1
e8 4d 01	1
e8 4d 1f	1
e8 4d e5	1
e8 4d fd	1
e8 4f 13	1
e8 51 f0	1
e8 51 f1	1
e8 53 0c	1
e8 53 e3	1
e8 54 40	1
e8 55 09	1
e8 55 cf	1
e8 57 01	1
e8 57 04	1
e8 57 f4	1
e8 59 09	1
e8 59 0e	1
e8 59 1d	1
e8 59 1e	1
e8 5b 02	1
e8 5b 14	1
e8 5d 01	1
e8 5d 09	1
e8 5d fe	1
e8 5f f3	1
e8 60 0c	1
e8 62 0e	1
e8 63 00	1
e8 63 04	1
e8 63 09	1
e8 63 e2	1
e8 66 fc	1
e8 67 09	1
e8 67 f2	1
e8 67 f5	1
e8 69 f3	1
e8 6b 01	1
e8 6d 09	1
e8 6f 09	1
e8 6f 13	1
e8 6f f1	1
e8 71 06	1
e8 71 0c	1
e8 71 d2	1
e8 75 08	1
e8 75 14	1
e8 75 b8	1
e8 75 f0	1
e8 79 05	1
e8 79 09	1
e8 79 0f	1
e8 79 12	1
e8 79 1d	1
e8 79 ea	1
e8 7b 0a	1
e8 7d b6	1
e8 7d e0	1
e8 7d eb	1
e8 7d f0	1
e8 7f 05	1
e8 7f 06	1
e8 7f 12	1
e8 7f ff	1
e8 80 eb	1
e8 81 0b	1
e8 81 f9	1
e8 83 04	1
e8 83 07	1
e8 83 1d	1
e8 83 d3	1
e8 85 08	1
e8 86 fe	1
e8 87 0b	1
e8 87 b8	1
e8 87 f0	1
e8 89 02	1
e8 89 f9	1
e8 8b 1c	1
e8 8b 55	1
e8 8d 00	1
e8 8f f9	1
e8 8f fa	1
e8 8f fd	1
e8 90 60	1
e8 91 e2	1
e8 91 ed	1
e8 93 00	1
e8 93 1d	1
e8 93 e4	1
e8 95 07	1
e8 97 01	1
e8 97 e0	1
e8 99 04	1
e8 99 f4	1
e8 99 ff	1
e8 9b 02	1
e8 9b 0b	1
e8 9d 03	1
e8 9d 11	1
e8 9f e3	1
e8 a0 0c	1
e8 a1 08	1
e8 a1 df	1
e8 a1 e0	1
e8 a3 ef	1
e8 a3 f1	1
e8 a5 de	1
e8 a5 e3	1
e8 a7 f8	1
e8 a9 06	1
e8 a9 1d	1
e8 a9 ca	1
e8 aa 1c	1
e8 ab 01	1
e8 ab 04	1
e8 ab e4	1
e8 ab f3	1
e8 ad 07	1
e8 ad f3	1
e8 af 09	1
e8 af 0e	1
e8 af f5	1
e8 b1 0b	1
e8 b3 1d	1
e8 b3 de	1
e8 b7 06	1
e8 b7 1d	1
e8 b7 d4	1
e8 b7 ed	1
e8 b7 fa	1
e8 b7 fd	1
e8 b9 0b	1
e8 bb 07	1
e8 bb f1	1
e8 bb f5	1
e8 bd 09	1
e8 bd 0f	1
e8 bd f1	1
e8 c1 f2	1
e8 c5 dc	1
e8 c5 ed	1
e8 c5 f9	1
e8 c6 0f	1
e8 c7 02	1
e8 c7 0b	1
e8 c7 0e	1
e8 c9 f1	1
e8 c9 f3	1
e8 c9 fa	1
e8 cb 1f	1
e8 cb ff	1
e8 cd e3	1
e8 cf 1c	1
e8 cf 1d	1
e8 cf e0	1
e8 cf ee	1
e8 d1 0f	1
e8 d1 de	1
e8 d1 f8	1
e8 d3 02	1
e8 d3 ff	1
e8 d5 1f	1
e8 d5 f4	1
e8 d9 01	1
e8 d9 ff	1
e8 da ff	1
e8 dd 1f	1
e8 dd b8	1
e8 dd f4	1
e8 df 08	1
e8 df e1	1
e8 df f8	1
e8 e1 09	1
e8 e1 f4	1
e8 e3 ef	1
e8 e5 02	1
e8 e5 09	1
e8 e5 13	1
e8 e7 13	1
e8 e7 f2	1
e8 e9 cc	1
e8 e9 ea	1
e8 e9 fd	1
e8 eb 00	1
e8 eb 0e	1
e8 eb 25	1
e8 eb 37	1
e8 eb ee	1
e8 eb f2	1
e8 ed 01	1
e8 ed 07	1
e8 ed ce	1
e8 ed d7	1
e8 ed e2	1
e8 ef 0c	1
e8 ef 1f	1
e8 ef c7	1
e8 ef f4	1
e8 ef f7	1
e8 f1 04	1
e8 f1 bb	1
e8 f2 03	1
e8 f2 ff	1
e8 f3 ff	1
e8 f5 0b	1
e8 f5 0e	1
e8 f6 f7	1
e8 f7 f7	1
e8 f9 14	1
e8 f9 f5	1
e8 fa f9	1
e8 fb 0c	1
e8 fb e3	1
e8 fc ff	1
e8 fd 09	1
e8 ff ba	1
e9 01 01	1
e9 13 00	1
e9 21 02	1
e9 2f 01	1
e9 48 01	1
e9 4c 89	1
e9 6a 02	1
e9 73 ff	1
e9 7a 01	1
e9 7b ff	1
e9 81 00	1
e9 88 00	1
e9 ab 00	1
e9 ac 00	1
e9 b2 11	1
e9 cd 00	1
e9 da 12	1
e9 db 03	1
e9 ee 14	1
e9 ff ff	1
ea 00 00	1
ea 16 00	1
ea 17 00	1
ea 28 00	1
ea 3f 48	1
ea 4c 89	1
ea 50 40	1
ea 7c 20	1
ea db ff	1
ea dd ff	1
ea e2 ff	1
ea f2 ff	1
eb 0d 00	1
eb 0d 83	1
eb 19 48	1
eb 1e 48	1
eb 1f 8b	1
eb 23 be	1
eb 2e f2	1
eb 2f 48	1
eb 33 48	1
eb 3e 8b	1
eb 47 48	1
eb 48 8d	1
eb 51 83	1
eb 6c 83	1
eb f9 ff	1
ec 01 00	1
ec 08 e8	1
ec 0b 00	1
ec 0e 00	1
ec 10 00	1
ec 10 89	1
ec 13 00	1
ec 14 00	1
ec 15 00	1
ec 16 00	1
ec 18 00	1
ec 1d 00	1
ec 2f 00	1
ec 38 48	1
ec 50 48	1
ec e0 ff	1
ee 02 00	1
ee 03 00	1
ee 04 00	1
ee 57 40	1
ee dd ff	1
ee e0 ff	1
ee ea ff	1
ee eb ff	1
ee f3 ff	1
ef 00 00	1
ef 02 82	1
ef 0b 00	1
ef 1f 00	1
ef 27 00	1
f0 01 84	1
f0 06 00	1
f0 08 00	1
f0 10 00	1
f0 1a 00	1
f0 3f 40	1
f0 48 c1	1
f0 4c 89	1
f0 50 54	1
f0 5f 40	1
f0 75 dd	1
f0 8b 50	1
f0 8d 00	1
f0 90 60	1
f0 d1 ff	1
f0 d2 ff	1
f0 de ff	1
f0 eb 04	1
f0 ee ff	1
f0 f6 ff	1
f0 f9 ff	1
f1 05 00	1
f1 1c 00	1
f1 4c 40	1
f1 d2 ff	1
f1 ef ff	1
f2 0e 00	1
f2 0f 59	1
f2 0f 5c	1
f2 17 2a	1
f2 19 00	1
f2 4c 89	1
f2 7c 20	1
f2 ce ff	1
f3 0f b6	1
f3 89 45	1
f3 c3 0f	1
f3 c3 66	1
f4 01 00	1
f4 06 00	1
f4 08 00	1
f4 09 00	1
f4 09 28	1
f4 0b 00	1
f4 0c 00	1
f4 0e 00	1
f4 11 00	1
f4 14 00	1
f4 15 00	1
f4 18 00	1
f4 19 00	1
f4 1a 00	1
f4 1b 00	1
f4 1c 00	1
f4 48 63	1
f4 48 8b	1
f4 48 98	1
f4 5d bf	1
f4 b5 ff	1
f4 d9 ff	1
f4 e2 ff	1
f4 f0 ff	1
f4 f1 ff	1
f5 00 00	1
f5 2b 05	1
f5 fe ff	1
f6 05 00	1
f6 08 00	1
f6 12 40	1
f6 13 40	1
f6 14 40	1
f6 17 40	1
f6 3e 40	1
f6 d1 ff	1
f6 da ff	1
f6 e2 ff	1
f6 fe ff	1
f6 ff ff	1
f7 17 00	1
f7 21 00	1
f7 2a 00	1
f7 2d 00	1
f7 5e 40	1
f8 00 74	1
f8 00 7f	1
f8 05 00	1
f8 07 00	1
f8 09 00	1
f8 0e 48	1
f8 48 3b	1
f8 89 50	1
f8 8b 55	1
f8 8f 00	1
f8 90 60	1
f8 d1 ff	1
f8 e1 ff	1
f8 e4 ff	1
f8 e9 ff	1
f8 eb 22	1
f9 02 46	1
f9 24 00	1
f9 25 00	1
fa 09 b7	1
fa 0b 00	1
fa 0e 00	1
fa 1d 00	1
fa 7c 20	1
fa d9 ff	1
fa ec ff	1
fa fe ff	1
fc 00 00	1
fc 01 8b	1
fc 02 00	1
fc 03 00	1
fc 06 00	1
fc 07 00	1
fc 09 00	1
fc 0d 00	1
fc 0f 00	1
fc 10 00	1
fc 11 00	1
fc 1c 00	1
fc 3b 45	1
fc 8b 45	1
fc ce ff	1
fc dd ff	1
fc e0 ff	1
fc ea ff	1
fc f4 ff	1
fc ff ff	1
fd 00 00	1
fd 03 48	1
fd b1 ff	1
fe 02 00	1
fe 06 00	1
fe 2b 00	1
fe 4d 40	1
fe fd ff	1
ff 00 48	1
ff 01 00	1
ff 01 0c	1
ff 01 10	1
ff 01 75	1
ff 01 b4	1
ff 02 00	1
ff 03 15	1
ff 03 19	1
ff 03 25	1
ff 03 35	1
ff 06 74	1
ff 0f 8e	1
ff 14 dc	1
ff 25 02	1
ff 25 0a	1
ff 25 12	1
ff 25 1a	1
ff 25 22	1
ff 25 2a	1
ff 25 32	1
ff 25 3a	1
ff 25 42	1
ff 25 4a	1
ff 25 52	1
ff 25 5a	1
ff 25 62	1
ff 25 d4	1
ff 25 da	1
ff 25 e2	1
ff 25 ea	1
ff 25 f2	1
ff 25 fa	1
ff 35 d2	1
ff 3f 5d	1
ff 41 56	1
ff 41 ff	1
ff 48 39	1
ff 72 0f	1
ff 76 0b	1
ff 7d 0d	1
ff 83 45	1
ff 83 bd	1
ff 83 f0	1
ff 89 45	1
ff 89 c1	1
ff 89 ce	1
ff 89 d6	1
ff 89 de	1
ff ba 02	1
ff be 11	1
ff be 28	1
ff be 2f	1
ff be 42	1
ff be 69	1
ff be a0	1
ff be a3	1
ff be d4	1
ff be e4	1
ff be f7	1
ff d0 48	1
ff d0 c7	1
ff e8 a4	1
ff e9 12	1
ff e9 ca	1
ff e9 d6	1
ff eb 1a	1
ff f4 66	1
ff ff 06	1
ff ff 12	1
ff ff 17	1
ff ff 1b	1
ff ff 20	1
ff ff 21	1
ff ff 27	1
ff ff 2a	1
ff ff 39	1
ff ff 3f	1
ff ff 43	1
ff ff 49	1
ff ff 55	1
ff ff 5b	1
ff ff 5e	1
ff ff 69	1
ff ff 72	1
ff ff 73	1
ff ff 75	1
ff ff 76	1
ff ff 77	1
ff ff 78	1
ff ff 82	1
ff ff 8d	1
ff ff 8e	1
ff ff 97	1
ff ff ba	1
ff ff c5	1
ff ff da	1
ff ff e5	1
ff ff e8	1
ff ff f0	1
