00	1004
74	147
64	121
73	102
65	98
01	89
69	81
02	63
70	58
61	57
2f	56
03	54
72	52
79	45
28	44
6e	43
6c	42
52	41
63	40
04	34
6f	34
83	30
07	27
2e	27
6d	27
06	25
05	24
5f	23
0a	22
7c	22
08	21
09	19
0c	17
6b	17
75	16
36	15
4e	15
5a	15
20	14
32	14
53	14
67	13
0b	12
25	12
54	12
62	12
50	11
6a	11
2d	10
37	10
66	10
68	10
76	10
0f	9
34	8
10	7
17	7
84	7
0d	6
16	6
18	6
30	6
46	6
0e	5
42	5
43	5
49	5
12	4
19	4
1a	4
2c	4
ff	4
1e	3
1f	3
21	3
22	3
24	3
2a	3
2b	3
45	3
59	3
11	2
13	2
14	2
1b	2
1d	2
29	2
31	2
3a	2
40	2
41	2
4d	2
77	2
7d	2
15	1
1c	1
23	1
26	1
27	1
3c	1
3d	1
3e	1
44	1
48	1
4f	1
55	1
78	1
7a	1
7b	1
7e	1
80	1
85	1
99	1
a5	1
aa	1
f3	1
