00 00 00	4058
ff ff 48	373
40 00 00	328
48 89 c7	305
89 c7 e8	274
48 8b 45	272
00 00 22	188
22 00 0d	183
08 00 00	182
ff 48 89	169
00 41 0e	164
0e 10 86	164
43 0d 06	164
86 02 43	164
1c 00 00	159
00 00 1c	150
48 8d 85	147
00 00 48	146
0c 07 08	140
ff ff ff	139
55 48 89	133
00 5f 5a	124
48 89 7d	121
ff 48 8d	119
00 00 12	115
89 e5 48	111
00 48 89	109
5f 5a 4e	108
fe ff ff	107
12 00 00	97
60 00 00	95
74 6f 72	90
69 72 49	88
70 61 69	88
74 34 70	88
48 83 ec	86
53 74 34	84
34 70 61	83
61 69 72	83
72 49 53	83
7d f8 48	83
fd ff ff	70
45 f8 48	69
53 74 31	68
00 00 01	65
01 00 00	64
ff 48 8b	64
5a 4e 53	63
48 8b 55	61
48 89 75	59
07 00 00	58
53 61 49	58
61 49 53	57
76 00 5f	57
5f 45 45	55
1a 00 00	54
64 45 53	54
6f 72 49	54
89 c3 48	54
00 00 04	53
00 00 07	53
5f 00 5f	52
63 74 6f	51
65 63 74	51
48 89 d6	50
d6 48 89	50
8b 45 f8	49
20 00 68	48
c9 c3 55	48
49 64 64	47
00 48 8b	46
5d c3 55	46
02 00 00	45
49 53 74	45
53 32 5f	45
00 00 03	44
00 00 1a	44
48 89 c3	44
64 64 45	43
72 49 64	43
45 e8 48	42
0e 00 00	41
49 53 73	41
4e 53 74	41
62 61 73	41
73 64 45	41
53 31 5f	40
53 73 64	40
fc ff ff	40
55 e8 48	39
75 f0 48	39
89 d6 48	38
ec 10 48	38
48 89 ce	37
c3 90 55	37
ce 48 89	37
00 00 02	36
40 00 48	36
45 53 61	36
5f 62 61	36
5f 63 78	36
48 89 e5	35
61 73 65	35
74 65 72	35
0a 00 00	34
48 89 45	34
5f 5f 67	34
89 ce 48	34
00 00 08	33
03 00 00	33
39 5f 5f	33
48 8d 50	33
50 53 74	33
67 6e 75	33
31 5f 45	32
36 76 65	32
45 76 00	32
53 74 36	32
63 78 78	32
75 5f 63	32
8b 45 d8	32
00 00 24	31
04 00 00	31
05 00 00	31
45 a8 48	31
48 89 55	31
5f 67 6e	31
60 fe ff	31
6e 75 5f	31
78 78 31	31
c3 55 48	31
00 00 c9	30
61 74 6f	30
76 65 63	30
8b 45 a8	30
ec 20 48	30
00 00 10	29
45 45 45	29
5f 5a 53	29
64 45 45	29
74 36 76	29
00 00 20	28
31 45 76	28
49 53 31	28
4e 39 5f	28
48 8b 00	27
68 40 00	27
69 74 65	27
01 48 8d	26
4c 49 42	26
50 01 48	26
52 4b 53	26
73 74 72	26
00 00 0e	25
06 00 00	25
40 47 4c	25
48 8d 45	25
72 61 74	25
c3 48 8d	25
f8 48 8b	25
ff ff ba	25
00 00 06	24
5a 53 74	24
6f 72 5f	24
8d 50 01	24
d8 48 89	24
f8 48 89	24
ff ff e9	24
00 00 2c	23
02 00 02	23
2e 34 00	23
31 32 5f	23
31 37 5f	23
42 43 58	23
45 c0 48	23
49 53 32	23
58 58 5f	23
5f 33 2e	23
61 6c 6c	23
6c 6f 63	23
8b 45 e8	23
e8 48 89	23
20 00 00	22
24 00 00	22
48 8b 85	22
53 33 5f	22
72 5f 62	22
73 65 49	22
00 00 4c	21
00 00 84	21
00 00 be	21
00 00 ff	21
00 48 8d	21
32 5f 56	21
56 65 63	21
5f 5f 6e	21
e8 48 8b	21
00 00 d0	20
00 c9 c3	20
06 55 0c	20
48 29 c2	20
54 30 5f	20
5f 69 74	20
61 6c 5f	20
65 72 61	20
72 5f 74	20
89 d0 48	20
c2 48 89	20
ff ff 00	20
ff ff 1a	20
ff ff be	20
00 00 44	19
08 48 8b	19
20 fd ff	19
40 40 47	19
45 45 43	19
45 52 4b	19
45 53 74	19
47 4c 49	19
49 42 43	19
49 50 53	19
63 61 74	19
6e 6f 72	19
72 6d 61	19
7d e8 48	19
d0 48 89	19
06 45 83	18
06 49 0c	18
10 00 00	18
45 b8 48	18
45 f0 48	18
48 83 c4	18
48 8d 95	18
5f 56 65	18
6c 6c 6f	18
85 60 fe	18
8b 00 48	18
a8 48 8b	18
f2 0f 10	18
ff ff 0e	18
00 00 e8	17
10 48 8b	17
2d 00 00	17
32 5f 45	17
37 5f 5f	17
43 58 58	17
45 d8 48	17
48 8d 48	17
49 63 45	17
61 69 74	17
74 31 32	17
74 72 61	17
74 73 49	17
8b 45 c0	17
8b 45 d0	17
8b 55 f8	17
8d 85 60	17
e0 48 89	17
00 00 0c	16
00 00 40	16
25 00 00	16
31 00 00	16
43 31 45	16
45 d0 48	16
48 89 85	16
48 8b 40	16
53 48 83	16
5a 4e 39	16
5f 6e 6f	16
5f 74 72	16
60 ff ff	16
63 6f 70	16
69 74 73	16
6c 5f 69	16
6d 61 6c	16
6e 69 74	16
6f 72 6d	16
72 49 50	16
72 61 69	16
72 65 61	16
c0 48 8d	16
00 00 0a	15
00 00 14	15
00 00 30	15
00 00 f8	15
14 00 00	15
2b 40 00	15
45 45 31	15
48 8b 4d	15
48 ff 48	15
49 53 33	15
54 5f 53	15
5f 53 61	15
63 45 45	15
6f 63 61	15
85 60 ff	15
89 df e8	15
ba 1e 2b	15
00 00 11	14
00 00 34	14
00 00 c4	14
00 5f 5f	14
03 48 89	14
07 08 00	14
12 00 0d	14
18 00 00	14
29 c2 48	14
31 33 5f	14
33 2e 34	14
34 00 5f	14
48 89 d0	14
48 8b 95	14
48 8d b5	14
4e 4b 53	14
58 5f 33	14
5a 4e 4b	14
5f 61 6c	14
63 68 61	14
69 6e 69	14
73 49 63	14
74 31 31	14
75 e0 48	14
78 31 37	14
89 c2 48	14
00 00 cc	13
00 00 eb	13
10 48 89	13
31 31 63	13
31 63 68	13
45 43 31	13
49 63 53	13
55 f0 48	13
61 72 5f	13
65 49 53	13
68 61 72	13
6f 73 5f	13
73 69 63	13
a8 48 89	13
b8 00 00	13
c0 48 8b	13
d0 48 8d	13
d0 ff ff	13
f0 48 89	13
f2 0f 2a	13
ff ff eb	13
00 00 25	12
00 00 38	12
00 00 54	12
00 00 64	12
09 00 00	12
11 00 00	12
32 5f 53	12
33 5f 45	12
3d 00 00	12
43 32 45	12
45 f8 5d	12
48 8d 8d	12
5f 5f 63	12
61 74 61	12
69 63 5f	12
6f 70 79	12
83 03 02	12
89 e5 53	12
8b 45 f0	12
8d 85 20	12
c2 48 8b	12
c7 45 fc	12
e5 48 83	12
fa ff ff	12
ff ff 01	12
00 00 05	11
00 00 18	11
00 00 31	11
00 00 32	11
00 00 66	11
00 00 6c	11
00 00 98	11
00 00 c7	11
00 00 ec	11
0c c7 45	11
0f 2a c8	11
0f 2e c1	11
1e 2b 40	11
31 33 6e	11
32 45 76	11
45 e0 48	11
50 ff ff	11
58 ff ff	11
5b 5d c3	11
5f 63 6f	11
61 73 69	11
63 5f 69	11
65 45 76	11
65 72 5f	11
66 0f 2e	11
69 7a 65	11
6e 65 77	11
70 79 5f	11
76 40 40	11
77 5f 61	11
85 50 fc	11
89 45 c0	11
89 d8 48	11
8d 85 70	11
be 30 68	11
c3 48 8b	11
ff eb 03	11
ff ff c9	11
00 00 16	10
00 00 2d	10
00 00 58	10
00 00 60	10
00 00 78	10
00 00 88	10
00 00 9c	10
00 00 a4	10
00 00 f4	10
07 08 1c	10
29 00 00	10
30 5f 54	10
40 08 48	10
45 44 31	10
45 54 30	10
4b 53 73	10
4b 53 74	10
4c 62 30	10
53 35 5f	10
5f 4d 5f	10
61 6d 49	10
65 00 00	10
65 61 6d	10
70 fe ff	10
74 72 65	10
85 80 fe	10
87 40 00	10
89 7d e8	10
8b 45 e0	10
8b 85 60	10
8d 48 ff	10
ba 00 00	10
be 00 00	10
f6 ff ff	10
ff ba 00	10
ff ba 1e	10
ff ff e0	10
00 00 26	9
00 00 3d	9
00 00 3e	9
00 00 56	9
00 00 5e	9
00 00 65	9
00 00 74	9
00 00 90	9
00 00 94	9
00 00 a0	9
00 00 ac	9
00 00 b4	9
00 00 c0	9
00 00 d6	9
00 00 d8	9
00 00 f0	9
0b 00 00	9
0c 00 00	9
2c 00 00	9
31 31 5f	9
33 6e 65	9
45 31 32	9
45 43 32	9
45 d0 f2	9
48 89 c2	9
48 8b 10	9
4d e0 48	9
50 08 48	9
53 34 5f	9
53 74 32	9
53 74 38	9
55 b8 48	9
5f 53 33	9
62 30 45	9
63 53 74	9
65 77 5f	9
78 31 33	9
85 20 fd	9
89 7d f8	9
89 de 48	9
8b 55 e8	9
8d 85 50	9
8d 85 90	9
8d 85 b0	9
a0 91 60	9
d0 8d 60	9
f0 48 8b	9
f8 8b 55	9
00 00 8c	8
00 00 8e	8
00 00 a8	8
00 00 b8	8
00 00 c8	8
00 00 e0	8
00 00 e4	8
00 00 fe	8
02 00 0d	8
06 68 0c	8
0d 00 00	8
22 00 00	8
2e c1 76	8
30 fc ff	8
33 5f 00	8
34 5f 53	8
41 54 53	8
44 31 45	8
45 31 33	8
45 45 44	8
45 d0 8b	8
48 83 7d	8
48 89 df	8
49 4c 62	8
4e 53 61	8
55 d8 48	8
5f 45 00	8
5f 53 34	8
5f 69 6d	8
5f 6d 6f	8
65 49 50	8
69 73 74	8
6d 70 6c	8
6f 76 65	8
70 ff ff	8
73 74 61	8
74 61 5f	8
75 6e 69	8
83 ec 10	8
85 58 ff	8
89 45 f8	8
89 e5 41	8
8d 85 c0	8
8d 85 f0	8
8d 95 60	8
a0 48 89	8
b5 60 fe	8
c7 e8 12	8
c7 e8 7e	8
e0 48 8b	8
e0 ff ff	8
e4 ff ff	8
e5 53 48	8
e7 19 00	8
f0 ff ff	8
f8 48 8d	8
f8 ff ff	8
ff 48 83	8
ff ff 20	8
ff ff 2d	8
ff ff 31	8
ff ff 40	8
ff ff 4c	8
ff ff 68	8
ff ff 88	8
00 00 19	7
00 00 28	7
00 00 29	7
00 00 2e	7
00 00 3c	7
00 00 46	7
00 00 50	7
00 00 6e	7
00 00 7c	7
00 00 80	7
00 00 bc	7
00 00 d2	7
00 00 d4	7
00 00 f6	7
00 00 fc	7
04 48 89	7
06 60 0c	7
06 6c 0c	7
0d 00 a8	7
18 48 89	7
18 48 8b	7
2a c0 f2	7
31 45 52	7
32 00 00	7
32 5f 00	7
32 68 40	7
33 5f 53	7
38 00 00	7
45 50 53	7
45 53 32	7
45 a0 48	7
48 3b 45	7
4e 4b 39	7
4e 53 73	7
52 53 74	7
54 31 5f	7
54 5f 45	7
55 e0 48	7
59 45 e8	7
5f 49 6f	7
5f 54 5f	7
5f 5f 75	7
61 49 63	7
61 6c 69	7
61 74 65	7
6d 00 5f	7
6d 49 63	7
70 65 45	7
70 fd ff	7
72 6f 79	7
74 31 33	7
74 79 70	7
76 0c c7	7
83 ec 18	7
89 75 e0	7
8b 40 10	7
8d 85 a0	7
8d b5 60	7
bf 10 00	7
c1 76 0c	7
c4 18 5b	7
c7 e8 3c	7
c8 48 8b	7
d8 f2 0f	7
dc ff ff	7
e5 ff ff	7
e8 66 0f	7
f2 0f 11	7
f2 0f 59	7
f4 ff ff	7
ff ff 25	7
ff ff 28	7
ff ff 83	7
ff ff 90	7
ff ff a8	7
ff ff c0	7
ff ff c8	7
ff ff e8	7
ff ff f2	7
00 00 09	6
00 00 1f	6
00 00 27	6
00 00 2f	6
00 00 62	6
00 00 68	6
00 00 76	6
00 00 8a	6
00 00 96	6
00 00 9a	6
00 00 a6	6
00 00 b0	6
00 00 b7	6
00 00 dc	6
00 00 e6	6
01 e7 19	6
06 45 0c	6
06 47 8c	6
0f 59 4d	6
10 48 83	6
15 00 00	6
30 00 00	6
30 ff ff	6
31 34 62	6
32 45 52	6
32 4e 47	6
34 00 00	6
34 62 61	6
38 69 6f	6
3c 00 00	6
41 83 fc	6
42 00 00	6
45 4e 53	6
45 c8 48	6
45 d8 8b	6
46 00 00	6
47 5f 4d	6
48 83 45	6
48 89 d8	6
48 89 de	6
48 c1 e0	6
48 c1 f8	6
49 4e 39	6
49 50 4b	6
4b 53 33	6
4d 65 74	6
4d f0 48	6
4d f0 66	6
4e 31 32	6
50 4b 63	6
50 53 32	6
50 fc ff	6
50 fd ff	6
53 36 5f	6
54 5f 54	6
58 00 00	6
5e 00 00	6
5f 44 61	6
5f 45 54	6
5f 5f 61	6
5f 69 66	6
5f 69 6e	6
5f 73 74	6
62 61 63	6
65 6e 64	6
65 73 74	6
69 61 6c	6
69 66 73	6
69 74 69	6
6c 69 7a	6
6e 69 6e	6
71 00 00	6
74 68 72	6
74 69 61	6
74 72 6f	6
79 49 50	6
7a 65 64	6
7d f8 5d	6
84 00 00	6
85 c0 fc	6
89 75 d0	6
8b 40 08	6
8b 45 b8	6
8c 03 83	6
8d 45 a0	6
8d 85 00	6
8d 85 10	6
8d b5 20	6
90 fd ff	6
91 60 00	6
a0 fe ff	6
b0 48 89	6
b5 20 fd	6
b8 48 8b	6
c0 fc ff	6
c1 f8 04	6
c7 e8 02	6
c7 e8 18	6
c7 e8 72	6
c7 e8 ca	6
c8 f2 0f	6
d8 48 8b	6
de 48 89	6
e0 04 48	6
e3 ff ff	6
e9 ff ff	6
ee ff ff	6
f0 fc ff	6
f5 ff ff	6
f8 8d 60	6
ff ff 08	6
ff ff 0a	6
ff ff 38	6
ff ff 60	6
ff ff 70	6
ff ff 80	6
ff ff a0	6
ff ff b0	6
00 00 0f	5
00 00 1b	5
00 00 2b	5
00 00 36	5
00 00 37	5
00 00 41	5
00 00 47	5
00 00 69	5
00 00 72	5
00 00 86	5
00 00 89	5
00 00 8d	5
00 00 92	5
00 00 ae	5
00 00 b2	5
00 00 b6	5
00 00 c2	5
00 00 c6	5
00 00 ce	5
00 00 da	5
00 00 ea	5
00 00 f2	5
00 48 29	5
00 5d c3	5
00 ff ff	5
01 05 00	5
02 00 03	5
04 00 f1	5
06 4c 0c	5
06 78 0c	5
0d 00 86	5
0d 00 b8	5
0f 10 48	5
0f 59 45	5
10 fd ff	5
19 00 00	5
26 00 00	5
2a c0 48	5
30 5f 45	5
30 5f 5f	5
31 34 5f	5
32 2e 32	5
32 2e 35	5
32 5f 5f	5
33 69 74	5
34 5f 00	5
3e 00 00	5
41 55 41	5
41 bc 00	5
43 5f 32	5
44 00 00	5
44 32 45	5
45 45 34	5
45 76 40	5
45 b0 48	5
45 f8 c7	5
48 01 d0	5
48 08 48	5
48 39 c2	5
48 89 42	5
48 89 50	5
48 8b 48	5
48 8d 55	5
49 54 5f	5
49 89 c4	5
52 53 61	5
5b 41 5c	5
5e 68 40	5
5f 54 30	5
5f 61 49	5
61 49 54	5
61 72 74	5
63 6b 77	5
64 5f 63	5
65 00 5f	5
65 49 54	5
65 5f 62	5
65 64 5f	5
65 67 69	5
67 69 73	5
69 00 5f	5
69 6e 67	5
69 6f 73	5
6d 6f 76	5
6e 73 74	5
70 65 6e	5
70 79 49	5
72 45 76	5
73 74 65	5
74 08 41	5
74 5f 61	5
74 72 69	5
74 72 75	5
75 63 74	5
76 65 5f	5
77 61 72	5
78 61 5f	5
7a 00 00	5
80 fe ff	5
85 00 ff	5
85 50 ff	5
85 90 fd	5
85 b0 fa	5
85 d0 fc	5
89 45 b8	5
89 45 e8	5
89 50 08	5
89 55 d8	5
89 7d d8	5
89 c4 48	5
8b 4d f0	5
8b 50 08	5
8b 55 b8	5
8b 55 d8	5
8b 85 58	5
8d 45 f0	5
8d 85 30	5
8d 85 e0	5
90 41 bc	5
b0 48 8b	5
b0 fd ff	5
b0 fe ff	5
b8 48 29	5
bc 01 00	5
be 5e 68	5
c0 fe ff	5
c7 e8 06	5
c7 e8 1e	5
c7 e8 4c	5
c7 e8 b6	5
c7 e8 dc	5
d0 8b 40	5
d8 8b 40	5
de ff ff	5
e5 48 89	5
e8 8d 60	5
eb 07 90	5
eb 22 48	5
ec 30 48	5
ef ff ff	5
f0 8d 60	5
f0 c9 c3	5
f0 fe ff	5
f1 ff 00	5
f7 ff ff	5
f8 48 c7	5
f9 ff ff	5
fb ff ff	5
fc 01 74	5
ff 00 00	5
ff 48 29	5
ff f2 0f	5
ff ff 11	5
ff ff 30	5
ff ff 3d	5
ff ff 41	5
ff ff 44	5
ff ff d0	5
00 00 0b	4
00 00 13	4
00 00 15	4
00 00 21	4
00 00 23	4
00 00 2a	4
00 00 35	4
00 00 42	4
00 00 43	4
00 00 49	4
00 00 4a	4
00 00 4f	4
00 00 53	4
00 00 59	4
00 00 5a	4
00 00 70	4
00 00 71	4
00 00 7e	4
00 00 82	4
00 00 85	4
00 00 8b	4
00 00 a7	4
00 00 aa	4
00 00 af	4
00 00 d9	4
00 00 e1	4
00 00 e2	4
00 00 f9	4
00 00 fa	4
00 48 83	4
00 49 89	4
00 90 60	4
00 eb 05	4
03 00 02	4
04 68 40	4
05 b8 00	4
06 4f 0c	4
06 5d 0c	4
06 64 0c	4
08 48 8d	4
0d 00 12	4
0d 00 6a	4
0d 00 7c	4
0d 00 ee	4
0d 00 f6	4
10 01 00	4
10 13 40	4
10 ff ff	4
1b 00 00	4
1e 00 00	4
20 ff ff	4
2f 00 00	4
30 45 45	4
30 68 40	4
30 fd ff	4
31 5f 00	4
31 5f 54	4
33 5f 52	4
35 00 00	4
35 00 5f	4
38 02 40	4
39 62 61	4
40 10 48	4
40 16 40	4
40 ff ff	4
41 5c 41	4
43 00 00	4
44 65 73	4
45 00 5f	4
45 44 32	4
45 45 38	4
45 45 52	4
45 50 4b	4
45 52 53	4
45 53 35	4
45 54 31	4
45 76 54	4
45 e8 10	4
45 f0 c9	4
48 81 c4	4
48 89 4d	4
48 89 c1	4
48 89 c6	4
48 8b 50	4
49 53 61	4
4b 39 5f	4
4c 05 00	4
4c 89 e6	4
53 38 5f	4
53 48 81	4
53 69 72	4
53 74 39	4
54 02 40	4
54 5f 52	4
55 b0 48	4
5b 00 00	4
5f 46 6d	4
5f 53 35	4
5f 53 5f	4
5f 61 63	4
5f 65 6e	4
5f 69 6f	4
5f 75 6e	4
60 fd ff	4
61 63 6b	4
61 64 5f	4
61 67 73	4
61 72 72	4
61 75 78	4
63 5f 74	4
63 6f 6d	4
64 00 5f	4
64 61 74	4
64 65 73	4
65 45 50	4
65 45 53	4
65 73 73	4
66 6c 61	4
66 73 74	4
6c 69 62	4
6d 61 78	4
6d 74 66	4
6e 45 76	4
6f 6d 5f	4
6f 6e 65	4
72 61 79	4
72 65 67	4
72 73 45	4
73 43 31	4
73 5f 62	4
73 69 7a	4
74 00 2e	4
74 00 5f	4
74 31 30	4
74 31 34	4
74 32 30	4
74 38 69	4
74 61 72	4
7a 65 45	4
7d f0 00	4
83 04 02	4
83 c4 18	4
84 c0 0f	4
84 c0 74	4
85 30 fd	4
88 68 40	4
89 42 08	4
89 45 b0	4
89 45 e0	4
89 75 f0	4
89 85 50	4
89 85 58	4
89 85 60	4
89 e2 48	4
8b 55 e0	4
8b 55 f0	4
8d 45 e0	4
8d 55 f8	4
8d 85 d0	4
90 fe ff	4
95 60 fe	4
98 01 00	4
98 91 60	4
a0 f8 ff	4
b8 48 89	4
bc 00 00	4
be 32 68	4
bf a0 91	4
c4 48 8b	4
c6 48 89	4
c7 00 00	4
c7 e8 00	4
c7 e8 08	4
c7 e8 16	4
c7 e8 28	4
c7 e8 48	4
c7 e8 54	4
c7 e8 68	4
c7 e8 80	4
c7 e8 88	4
c7 e8 a0	4
c7 e8 c0	4
c7 e8 cc	4
c7 e8 ce	4
c9 00 00	4
cf ff ff	4
d0 48 c1	4
d1 ff ff	4
d3 ff ff	4
d8 48 c1	4
e1 ff ff	4
e6 48 89	4
e6 ff ff	4
e8 ff ff	4
eb 03 48	4
eb 1a 48	4
ec 18 48	4
f1 ff ff	4
f8 b8 00	4
ff 44 8b	4
ff 6f 00	4
ff ba 08	4
ff be 32	4
ff ff 10	4
ff ff 14	4
ff ff 18	4
ff ff 1c	4
ff ff 22	4
ff ff 29	4
ff ff 50	4
ff ff 58	4
ff ff 65	4
ff ff b8	4
ff ff c7	4
ff ff f8	4
00 00 0d	3
00 00 1d	3
00 00 1e	3
00 00 33	3
00 00 39	3
00 00 3f	3
00 00 55	3
00 00 5c	3
00 00 6b	3
00 00 6d	3
00 00 6f	3
00 00 73	3
00 00 75	3
00 00 7a	3
00 00 7d	3
00 00 99	3
00 00 9e	3
00 00 b3	3
00 00 ba	3
00 00 bf	3
00 00 d7	3
00 00 de	3
00 00 df	3
00 00 f3	3
00 00 fb	3
00 00 fd	3
00 02 00	3
00 2e 73	3
00 48 85	3
00 48 c7	3
00 4c 89	3
00 5f 49	3
00 6c 69	3
00 be 30	3
00 be 32	3
00 e9 00	3
00 e9 10	3
00 e9 20	3
00 e9 30	3
00 e9 40	3
00 e9 50	3
00 e9 60	3
00 e9 70	3
00 e9 80	3
00 e9 90	3
00 e9 a0	3
00 e9 b0	3
00 e9 c0	3
00 e9 d0	3
00 e9 e0	3
00 e9 f0	3
00 eb 03	3
00 f2 0f	3
00 fd ff	3
00 fe ff	3
01 00 01	3
01 00 1a	3
01 48 89	3
01 78 10	3
02 00 04	3
02 5b 0c	3
02 67 0c	3
04 00 02	3
06 49 8d	3
06 57 0c	3
06 73 0c	3
06 7d 0c	3
07 08 90	3
08 f2 0f	3
0d 00 1c	3
0d 00 30	3
0d 00 40	3
0d 00 46	3
0d 00 b4	3
0d 00 c2	3
0d 00 e0	3
0d 00 ec	3
0d 00 fa	3
0f 10 40	3
0f 1f 40	3
10 40 08	3
10 68 40	3
10 f2 0f	3
13 00 d0	3
15 00 f0	3
15 40 00	3
18 5b 5d	3
19 00 98	3
1a 00 a0	3
1b 0c 07	3
1d 00 00	3
20 48 89	3
28 00 00	3
28 48 8b	3
2b 00 00	3
2e 32 2e	3
2e 33 00	3
2e 35 00	3
2e 67 6e	3
2e 73 6f	3
2e c8 76	3
31 32 4e	3
31 33 62	3
31 39 5f	3
31 39 62	3
32 30 5f	3
32 32 5f	3
32 5f 52	3
33 00 00	3
33 5f 49	3
33 5f 5f	3
33 62 61	3
34 5f 5f	3
34 73 69	3
37 00 00	3
37 5f 53	3
38 48 89	3
38 5f 44	3
38 6d 61	3
3e d5 2c	3
3e e9 2c	3
40 08 00	3
41 00 00	3
41 5c 5d	3
41 5d 41	3
42 43 5f	3
42 49 5f	3
43 6c 6f	3
44 03 00	3
44 5f 00	3
44 61 74	3
45 37 5f	3
45 38 6d	3
45 39 63	3
45 40 40	3
45 45 37	3
45 45 39	3
45 45 53	3
45 45 54	3
45 45 70	3
45 50 46	3
45 53 34	3
45 90 48	3
45 e8 eb	3
45 f0 66	3
45 f8 c9	3
46 52 53	3
47 43 43	3
47 4e 55	3
48 00 00	3
48 01 c2	3
48 85 db	3
48 89 01	3
48 89 95	3
48 89 9d	3
48 89 bd	3
48 8b 08	3
48 c7 85	3
49 54 4d	3
49 6e 69	3
49 6f 73	3
4b 53 31	3
4c 89 e2	3
4c 89 e3	3
4e 47 5f	3
50 46 52	3
50 4b 53	3
50 53 31	3
50 54 5f	3
50 f0 48	3
52 00 01	3
52 4b 54	3
53 30 5f	3
53 43 5f	3
53 5f 31	3
54 4d 43	3
54 53 48	3
55 00 00	3
55 c0 48	3
55 d0 48	3
55 f8 b8	3
58 41 42	3
58 fd ff	3
59 05 00	3
5a 4e 31	3
5a 6e 77	3
5c 5d c3	3
5e 0d 40	3
5f 31 2e	3
5f 32 2e	3
5f 44 65	3
5f 45 53	3
5f 45 76	3
5f 4d 65	3
5f 4e 69	3
5f 4f 70	3
5f 54 70	3
5f 5a 31	3
5f 5f 00	3
5f 5f 64	3
5f 5f 6c	3
5f 5f 74	3
5f 61 75	3
5f 64 65	3
5f 66 69	3
5f 67 65	3
5f 69 73	3
5f 6c 65	3
5f 73 69	3
60 00 48	3
60 0e 40	3
60 14 40	3
61 5f 44	3
61 62 00	3
61 62 6c	3
61 6e 64	3
61 72 64	3
61 78 5f	3
62 63 5f	3
62 65 67	3
62 6c 65	3
63 00 5f	3
63 5f 73	3
63 6c 6f	3
63 6f 6e	3
63 74 69	3
63 78 61	3
64 5f 61	3
64 64 64	3
64 69 73	3
65 34 49	3
65 45 6d	3
65 54 61	3
65 61 6c	3
65 64 20	3
65 72 54	3
65 74 5f	3
65 74 61	3
67 69 6e	3
67 73 74	3
68 72 6f	3
68 fe ff	3
69 00 00	3
69 69 69	3
69 6e 64	3
69 6e 74	3
69 6f 6e	3
69 72 73	3
69 74 5f	3
6b 77 61	3
6c 43 31	3
6c 65 00	3
6c fd ff	3
6d 49 54	3
6e 6d 6f	3
6e 75 2e	3
6f 63 5f	3
6f 64 65	3
6f 73 49	3
6f 79 49	3
70 09 00	3
70 5f 61	3
72 00 2e	3
72 0c 07	3
72 49 54	3
72 64 5f	3
72 6f 77	3
72 74 5f	3
73 00 5f	3
73 49 53	3
74 45 76	3
74 49 53	3
74 65 45	3
75 f0 5d	3
76 09 c7	3
78 31 34	3
78 5f 73	3
78 6e 65	3
78 ff ff	3
79 5f 61	3
79 5f 6d	3
7c 0c 07	3
7d e8 89	3
7d f0 48	3
7d f8 00	3
7d fc 89	3
7e ff ff	3
83 03 72	3
83 03 7c	3
83 05 02	3
83 6d f8	3
83 ea 18	3
83 ec 20	3
83 ec 38	3
85 00 fd	3
85 10 fe	3
85 30 fe	3
85 40 00	3
85 50 fd	3
85 50 fe	3
85 a0 f8	3
85 c0 fe	3
85 d0 fe	3
85 db 74	3
85 e0 fc	3
89 02 48	3
89 10 5d	3
89 50 10	3
89 51 08	3
89 55 c8	3
89 75 e4	3
89 75 f8	3
89 7d f0	3
89 da 48	3
8b 12 48	3
8b 40 18	3
8b 48 08	3
8b 55 98	3
8b 85 50	3
8b 95 58	3
8c 04 83	3
8d 03 8c	3
8d 45 b0	3
8d 50 10	3
8e 00 00	3
90 0e 40	3
95 58 ff	3
98 02 40	3
98 48 8b	3
b0 15 40	3
b8 48 8d	3
bd 78 fe	3
c0 0f 85	3
c0 84 c0	3
c1 48 8b	3
c1 e0 04	3
c3 00 00	3
c3 4c 89	3
c4 28 5b	3
c4 38 5b	3
c7 45 dc	3
c7 e8 0c	3
c7 e8 26	3
c7 e8 30	3
c7 e8 3e	3
c7 e8 42	3
c7 e8 44	3
c7 e8 46	3
c7 e8 56	3
c7 e8 76	3
c7 e8 7a	3
c7 e8 7c	3
c7 e8 86	3
c7 e8 a2	3
c7 e8 b2	3
c7 e8 c2	3
c7 e8 c4	3
c7 e8 d6	3
c7 e8 da	3
c7 e8 e0	3
c7 e8 e4	3
c7 e8 e6	3
c7 e8 ec	3
c7 e8 f6	3
c7 e8 fa	3
c7 e8 fe	3
d0 02 40	3
d0 0d 40	3
d0 48 8b	3
d0 5d c3	3
d0 8d 00	3
d0 f2 0f	3
d0 fd ff	3
d0 fe ff	3
d8 10 48	3
d8 ff ff	3
da ff ff	3
db 74 10	3
e0 07 40	3
e0 48 8d	3
e0 fd ff	3
e0 fe ff	3
e1 00 00	3
e2 48 89	3
e2 ff ff	3
e5 41 54	3
e5 89 7d	3
ea 00 00	3
ec 05 00	3
f0 48 8d	3
f0 fd ff	3
f2 ff ff	3
f3 ff ff	3
f8 01 48	3
f8 04 48	3
f8 8f 60	3
f8 c7 40	3
ff 48 85	3
ff 4c 89	3
ff 6f 02	3
ff 83 f0	3
ff be 5e	3
ff c9 c3	3
ff ff 3c	3
ff ff 42	3
ff ff 46	3
ff ff 5e	3
ff ff 89	3
ff ff 8b	3
ff ff bf	3
00 00 17	2
00 00 3a	2
00 00 3b	2
00 00 45	2
00 00 4e	2
00 00 52	2
00 00 57	2
00 00 5b	2
00 00 67	2
00 00 6a	2
00 00 7f	2
00 00 81	2
00 00 8f	2
00 00 91	2
00 00 93	2
00 00 9f	2
00 00 a1	2
00 00 a2	2
00 00 ab	2
00 00 b1	2
00 00 b5	2
00 00 bb	2
00 00 bd	2
00 00 c1	2
00 00 c3	2
00 00 ca	2
00 00 cf	2
00 00 d1	2
00 00 d3	2
00 00 dd	2
00 00 e7	2
00 00 ed	2
00 00 f5	2
00 00 f7	2
00 05 00	2
00 0b 00	2
00 17 40	2
00 2e 67	2
00 2e 6e	2
00 48 01	2
00 4c 8d	2
00 53 2c	2
00 55 48	2
00 5b 41	2
00 5b 5d	2
00 68 40	2
00 74 17	2
00 74 1a	2
00 7f d7	2
00 83 45	2
00 84 c0	2
00 8e 01	2
00 af 01	2
00 be 5e	2
00 c7 45	2
00 e8 4b	2
00 e8 94	2
01 00 02	2
01 00 0f	2
01 00 15	2
01 00 8e	2
01 08 3d	2
01 0c 31	2
01 13 3a	2
01 7a 52	2
01 84 c0	2
01 c2 48	2
01 d5 2c	2
01 d8 48	2
01 e9 2c	2
02 48 8b	2
02 4c 0c	2
02 b1 0c	2
02 bf 0c	2
03 00 04	2
04 05 00	2
04 48 83	2
04 48 8b	2
04 f2 0f	2
05 00 02	2
05 89 2e	2
05 8e 28	2
05 92 29	2
05 b1 2e	2
05 d0 28	2
05 d4 29	2
05 e1 2d	2
05 f5 2d	2
06 01 00	2
06 02 56	2
06 02 75	2
06 48 83	2
06 50 0c	2
06 61 0c	2
06 66 0f	2
06 6d 0c	2
06 6f 0c	2
06 79 0c	2
08 10 00	2
08 c9 c3	2
0a 48 89	2
0a 4d 40	2
0b 00 10	2
0c f4 ff	2
0d 00 04	2
0d 00 0a	2
0d 00 10	2
0d 00 16	2
0d 00 1a	2
0d 00 1e	2
0d 00 20	2
0d 00 24	2
0d 00 26	2
0d 00 28	2
0d 00 2a	2
0d 00 2c	2
0d 00 34	2
0d 00 36	2
0d 00 42	2
0d 00 5a	2
0d 00 60	2
0d 00 64	2
0d 00 65	2
0d 00 89	2
0d 00 8a	2
0d 00 9a	2
0d 00 a2	2
0d 00 a3	2
0d 00 ac	2
0d 00 b2	2
0d 00 b6	2
0d 00 ba	2
0d 00 bc	2
0d 00 c4	2
0d 00 c6	2
0d 00 c8	2
0d 00 cc	2
0d 00 d2	2
0d 00 d4	2
0d 00 dc	2
0d 00 dd	2
0d 00 de	2
0d 00 e2	2
0d 00 e8	2
0d 00 f0	2
0e 00 04	2
0f 00 00	2
0f 00 10	2
0f 02 00	2
0f 10 4d	2
0f 11 45	2
0f 11 55	2
0f 11 85	2
0f 1f 84	2
0f 2a c0	2
0f 92 c0	2
0f 95 c0	2
0f fe ff	2
10 00 19	2
10 00 1a	2
10 01 1b	2
10 03 00	2
10 05 00	2
10 13 00	2
10 40 48	2
10 40 50	2
10 48 39	2
11 00 1a	2
12 4c 40	2
13 3a 05	2
14 00 e8	2
14 04 00	2
14 f2 0f	2
16 00 f8	2
17 48 8b	2
18 0a 00	2
18 68 40	2
18 f2 0f	2
19 49 89	2
1a 2a 40	2
1a 48 89	2
1a 48 8b	2
1b eb 19	2
1c 03 00	2
1c 5e 40	2
1c f2 0f	2
1d 05 00	2
1d 48 89	2
1f 00 00	2
1f 80 00	2
20 00 3a	2
20 34 2e	2
20 48 8b	2
20 74 6f	2
20 fe ff	2
23 00 00	2
24 0a 00	2
24 4d 40	2
27 02 00	2
28 19 00	2
28 47 40	2
28 48 89	2
28 ff ff	2
29 c3 48	2
2a 00 00	2
2a 0d 00	2
2a 4b 40	2
2b 01 00	2
2c 00 a5	2
2c 06 00	2
2c 13 00	2
2c 4c 40	2
2c 84 40	2
2c 97 01	2
2d 00 df	2
2e 00 00	2
2e 36 00	2
2e 38 2e	2
2e 63 70	2
2e 64 79	2
2e 65 68	2
2e 66 69	2
2e 69 6e	2
2e 72 65	2
30 00 5f	2
30 02 00	2
30 13 00	2
30 13 40	2
30 17 40	2
30 45 4c	2
30 45 50	2
30 45 53	2
30 48 89	2
30 48 8b	2
30 5f 00	2
30 5f 43	2
30 5f 49	2
30 5f 53	2
30 fe ff	2
31 05 44	2
31 2e 33	2
31 30 5f	2
31 31 66	2
31 48 8b	2
31 5f 4d	2
31 5f 6d	2
32 36 63	2
32 36 72	2
32 5f 6d	2
33 00 5f	2
33 2e 30	2
33 34 5f	2
33 5f 50	2
34 5d 40	2
34 88 00	2
35 5f 00	2
35 5f 45	2
35 5f 50	2
36 5e 40	2
36 d1 ff	2
37 64 65	2
38 02 00	2
38 48 8b	2
38 5b 5d	2
38 5f 5f	2
38 75 6e	2
38 fc ff	2
39 00 00	2
39 c2 0f	2
3a 05 00	2
3c f5 ff	2
3c fc ff	2
3d 05 00	2
3d 05 50	2
3f 48 89	2
40 00 40	2
40 00 be	2
40 00 bf	2
40 00 e8	2
40 04 f2	2
40 08 4c	2
40 10 00	2
40 10 f2	2
40 14 f2	2
40 16 00	2
40 18 f2	2
40 1c f2	2
40 40 43	2
40 43 58	2
40 68 40	2
40 fc ff	2
40 fd ff	2
40 fe ff	2
41 42 49	2
41 56 41	2
41 57 41	2
41 5e 41	2
41 5f 00	2
41 5f 53	2
42 41 4c	2
42 47 40	2
43 5f 00	2
43 5f 33	2
43 6f 6e	2
44 00 3d	2
44 01 00	2
44 05 00	2
44 5f 5f	2
44 68 40	2
44 fd ff	2
45 33 65	2
45 35 62	2
45 35 63	2
45 37 64	2
45 37 69	2
45 45 4c	2
45 45 4e	2
45 45 50	2
45 45 62	2
45 4c 62	2
45 4e 39	2
45 4e 44	2
45 53 41	2
45 53 43	2
45 63 76	2
45 64 65	2
45 6d 50	2
45 70 74	2
45 76 50	2
45 80 48	2
45 cc 00	2
45 cc 01	2
45 d8 f2	2
45 e8 66	2
45 e8 73	2
45 e8 77	2
45 f0 0f	2
45 f8 8b	2
45 f8 eb	2
45 fc 00	2
46 4c 40	2
46 61 69	2
46 6d 74	2
48 05 00	2
48 06 00	2
48 10 48	2
48 29 c3	2
48 2d a0	2
48 39 c3	2
48 48 48	2
48 48 8b	2
48 50 48	2
48 83 6d	2
48 85 c0	2
48 89 0a	2
48 89 b5	2
48 8b 18	2
48 8b 75	2
48 8d 58	2
48 b8 ff	2
48 c7 00	2
48 c7 40	2
48 c7 45	2
48 f2 0f	2
48 ff ff	2
49 5f 31	2
49 63 54	2
49 74 65	2
4a 43 52	2
4b 4e 53	2
4b 53 34	2
4b 63 00	2
4b 63 53	2
4c 07 00	2
4c 45 52	2
4c 4f 42	2
4c 8d 60	2
4c 8d 68	2
4c fa ff	2
4c fd ff	2
4d 5f 64	2
4e 53 5f	2
4e 53 69	2
4f 45 40	2
50 00 65	2
50 08 eb	2
50 10 48	2
50 76 00	2
50 f2 0f	2
52 05 00	2
52 4b 64	2
52 53 33	2
52 65 73	2
53 00 00	2
53 2c 97	2
53 37 5f	2
53 41 5f	2
53 5f 00	2
53 73 00	2
53 73 34	2
53 73 40	2
53 73 43	2
53 73 50	2
53 73 61	2
53 74 33	2
53 74 61	2
53 74 6c	2
53 74 6f	2
54 02 00	2
55 c8 48	2
55 d8 c6	2
55 f0 89	2
55 f8 48	2
55 fc 8b	2
56 0c 07	2
56 f0 ff	2
58 58 41	2
58 c1 f2	2
58 e0 48	2
5a 00 00	2
5a 05 00	2
5c 41 5d	2
5d 5d c3	2
5e 17 00	2
5f 31 37	2
5f 45 31	2
5f 47 4c	2
5f 49 74	2
5f 4d 69	2
5f 50 53	2
5f 52 4b	2
5f 52 53	2
5f 53 31	2
5f 53 37	2
5f 53 42	2
5f 53 44	2
5f 55 6e	2
5f 5a 32	2
5f 5a 64	2
5f 5f 4a	2
5f 5f 73	2
5f 61 72	2
5f 61 74	2
5f 63 61	2
5f 63 72	2
5f 63 73	2
5f 64 61	2
5f 64 75	2
5f 67 74	2
5f 6d 69	2
5f 6f 70	2
5f 6f 73	2
5f 72 65	2
5f 74 61	2
5f 74 68	2
5f 74 79	2
60 00 e8	2
60 48 89	2
60 f0 48	2
61 00 2e	2
61 32 49	2
61 53 45	2
61 64 64	2
61 67 45	2
61 69 6e	2
61 6d 65	2
61 6e 63	2
61 74 63	2
61 74 69	2
61 79 5f	2
62 49 53	2
62 52 4b	2
62 52 54	2
62 61 64	2
62 68 40	2
62 d4 ff	2
63 45 53	2
63 5f 6f	2
63 63 5f	2
63 63 65	2
63 65 53	2
63 65 70	2
63 68 00	2
63 6c 69	2
64 45 43	2
64 45 76	2
64 5f 52	2
64 5f 6d	2
64 65 72	2
64 6c 49	2
64 6c 50	2
64 72 65	2
64 79 6e	2
65 00 2e	2
65 05 00	2
65 40 40	2
65 45 52	2
65 53 30	2
65 5f 61	2
65 5f 65	2
65 5f 70	2
65 61 6e	2
65 6c 61	2
65 6e 20	2
65 6e 67	2
65 6e 74	2
65 72 65	2
65 72 72	2
65 72 73	2
65 72 74	2
65 73 00	2
65 75 63	2
65 78 63	2
66 49 53	2
66 5f 6e	2
66 69 6e	2
66 72 61	2
66 72 6f	2
67 65 74	2
67 73 53	2
67 74 68	2
68 05 00	2
68 08 bf	2
68 0b 00	2
68 0f 00	2
68 10 00	2
68 12 00	2
68 17 00	2
68 18 00	2
68 19 00	2
68 1c 00	2
68 40 40	2
68 5f 65	2
68 5f 66	2
69 09 00	2
69 49 50	2
69 62 63	2
69 64 65	2
69 6c 65	2
69 6d 70	2
69 73 5f	2
69 74 44	2
69 76 65	2
6a 57 40	2
6c 12 00	2
6c 44 31	2
6c 44 32	2
6c 61 67	2
6c 69 6e	2
6c 6f 6e	2
6c 73 49	2
6c ff ff	2
6d 50 4b	2
6d 65 5f	2
6d 65 74	2
6d 70 75	2
6d e0 10	2
6e 5f 64	2
6e 64 5f	2
6e 64 6f	2
6e 6f 65	2
6e 6f 74	2
6e 73 65	2
6e 77 69	2
6e e2 ff	2
6f 20 6f	2
6f 6d 70	2
6f 6e 5f	2
6f 70 65	2
6f 73 65	2
6f 73 74	2
6f 77 5f	2
6f 79 45	2
70 6c 43	2
70 6c 74	2
70 6f 77	2
70 70 00	2
70 70 45	2
70 72 69	2
70 74 5f	2
72 50 4b	2
72 5f 69	2
72 61 6d	2
72 61 6e	2
72 64 49	2
72 6f 72	2
72 72 61	2
72 74 00	2
72 74 61	2
72 75 63	2
73 00 00	2
73 0e 48	2
73 35 63	2
73 45 52	2
73 53 5f	2
73 5f 46	2
73 5f 69	2
73 65 34	2
73 65 45	2
73 65 53	2
73 6f 2e	2
73 6f 66	2
73 70 4c	2
73 74 64	2
73 75 5f	2
73 75 62	2
73 75 6d	2
73 79 6d	2
74 00 00	2
74 02 40	2
74 0c 48	2
74 11 48	2
74 31 38	2
74 32 32	2
74 34 63	2
74 34 65	2
74 38 5f	2
74 40 40	2
74 45 50	2
74 5f 6f	2
74 61 31	2
74 63 68	2
74 64 04	2
74 65 2e	2
74 65 78	2
74 66 6c	2
75 07 b8	2
75 0c 07	2
75 1a 69	2
75 6d 6d	2
75 74 65	2
75 c0 48	2
76 45 76	2
76 50 76	2
76 54 5f	2
77 12 48	2
77 5f 62	2
78 00 00	2
78 69 74	2
78 6d 69	2
79 00 2e	2
79 0c 07	2
79 45 52	2
79 6e 73	2
79 70 65	2
7c 49 40	2
7d 05 00	2
7d d0 48	2
7d d8 48	2
7d f8 89	2
7e 0b 00	2
80 04 00	2
80 f6 ff	2
80 ff ff	2
81 ec 98	2
83 03 79	2
83 04 03	2
83 45 d8	2
83 45 e8	2
83 6d d8	2
83 7d a4	2
83 7d dc	2
83 c4 38	2
83 ec 28	2
83 ec 30	2
83 ec 60	2
83 f0 01	2
84 10 00	2
84 e2 ff	2
85 0f fe	2
85 20 fe	2
85 20 ff	2
85 40 fe	2
85 40 ff	2
85 58 fd	2
85 60 fd	2
85 6c fd	2
85 80 f6	2
85 90 fe	2
85 b0 fd	2
85 c0 74	2
85 de fd	2
85 e0 fe	2
85 ee fd	2
85 fe fd	2
86 51 40	2
88 01 e7	2
88 18 00	2
88 40 00	2
88 68 00	2
89 10 48	2
89 42 28	2
89 42 38	2
89 42 48	2
89 45 d0	2
89 45 f0	2
89 55 98	2
89 55 e8	2
89 75 a0	2
89 75 f4	2
89 7d a8	2
89 8d 30	2
89 b5 70	2
89 c1 48	2
89 c3 e8	2
89 c5 4c	2
89 c6 48	2
89 c6 bf	2
89 d6 89	2
89 e6 bf	2
89 e8 48	2
89 ea 4c	2
8a 62 40	2
8b 00 f2	2
8b 40 04	2
8b 40 14	2
8b 40 1c	2
8b 45 b0	2
8b 45 c8	2
8b 45 fc	2
8b 4d a8	2
8b 4d b0	2
8b 4d e0	2
8b 55 d0	2
8b 55 f4	2
8b 85 70	2
8b 85 78	2
8b 8d 70	2
8b 95 68	2
8c f6 ff	2
8d 55 c0	2
8d 55 d0	2
8d 85 40	2
8d 85 80	2
8d 85 cf	2
8d 85 df	2
8d 85 ef	2
8d 85 ff	2
8d 8d 70	2
8d 95 20	2
8e 01 05	2
90 01 00	2
90 48 8d	2
90 f6 ff	2
92 60 00	2
92 c0 84	2
94 04 00	2
95 20 fd	2
95 68 fe	2
95 78 fe	2
95 c0 48	2
96 f8 ff	2
97 01 00	2
98 05 00	2
98 48 89	2
98 48 8d	2
98 fe ff	2
99 00 00	2
9a 00 00	2
9a 5e 40	2
9c 91 00	2
9c 91 60	2
9d 38 ff	2
a0 05 00	2
a0 0a 00	2
a2 e2 ff	2
a7 e2 ff	2
a8 00 00	2
a8 46 40	2
a8 47 40	2
a8 48 8d	2
a8 57 40	2
a8 fe ff	2
ad 00 00	2
ae e2 ff	2
af 01 05	2
b0 48 8d	2
b0 fa ff	2
b0 ff ff	2
b2 45 40	2
b3 ff ff	2
b4 2d 40	2
b4 5e 40	2
b4 92 60	2
b6 64 40	2
b8 01 00	2
b8 56 40	2
b8 61 40	2
b8 92 60	2
b8 fe ff	2
bc 62 40	2
bc fe ff	2
be 01 00	2
be 62 68	2
be b0 15	2
c0 08 00	2
c0 0a 00	2
c0 48 89	2
c0 74 05	2
c0 e1 ff	2
c0 e3 ff	2
c0 f2 0f	2
c1 74 0c	2
c1 7a 06	2
c2 0f 92	2
c2 46 40	2
c2 74 0c	2
c2 74 31	2
c3 0f 95	2
c3 48 85	2
c3 48 89	2
c4 98 01	2
c4 e2 ff	2
c4 ff ff	2
c6 00 00	2
c6 45 ff	2
c7 40 08	2
c7 40 10	2
c7 e8 0a	2
c7 e8 14	2
c7 e8 22	2
c7 e8 24	2
c7 e8 38	2
c7 e8 4a	2
c7 e8 50	2
c7 e8 52	2
c7 e8 60	2
c7 e8 62	2
c7 e8 64	2
c7 e8 66	2
c7 e8 6c	2
c7 e8 84	2
c7 e8 92	2
c7 e8 98	2
c7 e8 9a	2
c7 e8 9c	2
c7 e8 a8	2
c7 e8 ae	2
c7 e8 b0	2
c7 e8 b4	2
c7 e8 b8	2
c7 e8 bc	2
c7 e8 c6	2
c7 e8 c8	2
c7 e8 de	2
c7 e8 f0	2
c8 0f 00	2
c8 48 89	2
c8 55 40	2
c8 e2 ff	2
ca ff ff	2
cc 05 00	2
cc 0a 00	2
cc f7 ff	2
cf fd ff	2
d0 0d 00	2
d0 1a 00	2
d0 48 01	2
d0 fc ff	2
d1 03 00	2
d2 00 00	2
d2 5d 40	2
d2 7c 20	2
d2 ff ff	2
d5 2c 00	2
d6 00 00	2
d7 48 8b	2
d8 6d 40	2
d8 8b 50	2
d8 c9 c3	2
d8 eb 1d	2
dc 00 00	2
dc f2 ff	2
dd ff ff	2
de fd ff	2
df fd ff	2
df ff ff	2
e0 07 00	2
e0 15 40	2
e0 16 40	2
e0 fc ff	2
e4 48 8b	2
e8 00 00	2
e8 10 48	2
e8 15 d0	2
e8 48 83	2
e8 4b 40	2
e8 51 0a	2
e8 6d ff	2
e8 6f 0a	2
e8 da ff	2
e8 f5 ee	2
e8 fe ff	2
e9 2c 00	2
eb 04 48	2
ec 08 48	2
ec 17 40	2
ec 28 48	2
ec 38 48	2
ed 04 00	2
ed ff ff	2
ee fd ff	2
ef fd ff	2
f0 01 89	2
f0 4c 40	2
f0 5d c3	2
f0 ba 00	2
f2 0f 58	2
f4 0e 00	2
f6 04 00	2
f6 56 40	2
f6 f2 ff	2
f8 01 00	2
f8 04 5d	2
f8 5d c3	2
f8 8d 00	2
f8 c9 c3	2
f8 eb 25	2
f9 02 00	2
fa 4d 40	2
fc 01 75	2
fe 06 00	2
fe fd ff	2
ff 00 48	2
ff 01 13	2
ff 0f 1f	2
ff 0f 5d	2
ff 25 5a	2
ff 25 62	2
ff 25 6a	2
ff 25 72	2
ff 25 7a	2
ff 25 82	2
ff 25 8a	2
ff 25 92	2
ff 25 9a	2
ff 25 a2	2
ff 25 aa	2
ff 25 b2	2
ff 25 ba	2
ff 25 c2	2
ff 25 ca	2
ff 25 d2	2
ff 44 89	2
ff 48 c7	2
ff 83 7d	2
ff 89 d8	2
ff be 00	2
ff be 40	2
ff be 44	2
ff be 62	2
ff bf 00	2
ff eb 1b	2
ff eb 24	2
ff fd ff	2
ff ff 15	2
ff ff 26	2
ff ff 2a	2
ff ff 32	2
ff ff 34	2
ff ff 3e	2
ff ff 43	2
ff ff 49	2
ff ff 5b	2
ff ff 5d	2
ff ff 71	2
ff ff 7a	2
ff ff 98	2
ff ff bb	2
00 00 4d	1
00 00 51	1
00 00 5d	1
00 00 63	1
00 00 79	1
00 00 7b	1
00 00 83	1
00 00 87	1
00 00 97	1
00 00 9d	1
00 00 a3	1
00 00 ad	1
00 00 b9	1
00 00 c5	1
00 00 cd	1
00 00 e9	1
00 00 ee	1
00 00 ef	1
00 00 f1	1
00 01 00	1
00 01 f3	1
00 03 00	1
00 03 1b	1
00 06 00	1
00 07 00	1
00 08 00	1
00 0c 00	1
00 0e 10	1
00 0f 00	1
00 12 00	1
00 16 00	1
00 18 40	1
00 19 00	1
00 1b 00	1
00 27 00	1
00 2e 63	1
00 2e 64	1
00 2e 69	1
00 38 05	1
00 3f 1a	1
00 40 48	1
00 41 bc	1
00 42 0e	1
00 47 4c	1
00 48 39	1
00 48 b8	1
00 4a 05	1
00 5f 47	1
00 5f 4a	1
00 5f 65	1
00 5f 69	1
00 61 74	1
00 63 6f	1
00 63 72	1
00 64 61	1
00 64 65	1
00 65 40	1
00 66 72	1
00 6b 05	1
00 6d 61	1
00 6d 65	1
00 73 71	1
00 75 0a	1
00 75 11	1
00 75 14	1
00 75 1e	1
00 75 23	1
00 79 07	1
00 7d 0a	1
00 7f d4	1
00 87 07	1
00 87 14	1
00 88 0a	1
00 8a 0b	1
00 8b 55	1
00 8d 0f	1
00 90 00	1
00 90 41	1
00 91 60	1
00 93 17	1
00 95 08	1
00 9e 05	1
00 a1 01	1
00 a2 17	1
00 a3 21	1
00 a4 08	1
00 a4 20	1
00 a8 ff	1
00 aa 01	1
00 ae 01	1
00 af 13	1
00 bb 00	1
00 bb 13	1
00 be 01	1
00 be 02	1
00 be b4	1
00 bf 01	1
00 bf 60	1
00 bf a0	1
00 c9 2e	1
00 cc 17	1
00 cd 0d	1
00 d1 01	1
00 db 0f	1
00 db 17	1
00 dc 0d	1
00 e0 3f	1
00 e8 1a	1
00 e8 1c	1
00 e8 31	1
00 e8 32	1
00 e8 38	1
00 e8 9a	1
00 e8 a4	1
00 e8 b0	1
00 e8 f4	1
00 e8 fe	1
00 e9 03	1
00 e9 eb	1
00 ea 0f	1
00 eb 14	1
00 eb 1a	1
00 eb 22	1
00 ef ff	1
00 f8 03	1
00 f8 06	1
00 f8 3f	1
00 fa ff	1
00 fb 04	1
00 fb 0a	1
00 fe 0e	1
00 ff e0	1
00 ff e2	1
01 00 11	1
01 00 13	1
01 00 14	1
01 00 16	1
01 00 18	1
01 00 1d	1
01 00 38	1
01 00 ed	1
01 01 81	1
01 03 00	1
01 05 73	1
01 08 36	1
01 08 38	1
01 08 3c	1
01 0e 48	1
01 1b 03	1
01 20 f6	1
01 22 00	1
01 28 00	1
01 2c 05	1
01 33 00	1
01 48 39	1
01 5e 00	1
01 62 05	1
01 75 10	1
01 75 27	1
01 7a 50	1
01 7c 00	1
01 83 7d	1
01 86 04	1
01 bf 03	1
01 d0 48	1
01 de 01	1
01 f4 ff	1
01 fb ff	1
02 00 01	1
02 00 05	1
02 00 06	1
02 00 3e	1
02 00 54	1
02 00 71	1
02 01 01	1
02 0c 07	1
02 54 0c	1
02 57 0c	1
02 5d c3	1
02 78 0c	1
02 7c 20	1
02 84 0c	1
02 a3 0c	1
02 b0 0c	1
02 b5 ff	1
02 b8 ff	1
02 bc 0c	1
02 dd ff	1
02 e1 ff	1
02 e7 ff	1
02 fa ff	1
02 fc ff	1
03 00 01	1
03 00 03	1
03 00 05	1
03 00 06	1
03 00 07	1
03 00 08	1
03 00 09	1
03 00 0a	1
03 00 0b	1
03 00 0c	1
03 00 0d	1
03 00 0e	1
03 00 0f	1
03 00 10	1
03 00 11	1
03 00 12	1
03 00 13	1
03 00 14	1
03 00 15	1
03 00 16	1
03 00 17	1
03 00 18	1
03 00 19	1
03 00 1a	1
03 00 1b	1
03 00 5a	1
03 00 74	1
03 05 c3	1
03 0c 07	1
03 10 03	1
03 15 0d	1
03 18 00	1
03 29 05	1
03 3b 4c	1
03 45 0e	1
03 4b 17	1
03 88 01	1
03 d5 2c	1
03 e0 15	1
03 ed 02	1
04 00 01	1
04 00 66	1
04 00 98	1
04 01 00	1
04 01 d3	1
04 03 00	1
04 04 87	1
04 08 00	1
04 09 00	1
04 0c 00	1
04 0f 85	1
04 10 88	1
04 11 00	1
04 14 87	1
04 26 85	1
04 28 88	1
04 2c 40	1
04 2c 84	1
04 3a 00	1
04 40 85	1
04 4c 40	1
04 52 87	1
04 64 87	1
04 68 00	1
04 70 87	1
04 74 15	1
04 7c 87	1
04 b4 87	1
04 dc 87	1
04 e0 ff	1
04 e4 ff	1
04 e8 87	1
04 f4 87	1
05 00 01	1
05 00 5a	1
05 00 d0	1
05 01 fd	1
05 05 00	1
05 1e 00	1
05 48 0e	1
05 67 01	1
05 81 2c	1
05 84 2b	1
05 86 01	1
05 91 2a	1
05 91 2d	1
05 95 2c	1
05 9b 2b	1
05 9d 2e	1
05 9f 18	1
05 a0 19	1
05 a5 28	1
05 a5 2d	1
05 a9 29	1
05 a9 2c	1
05 ac 17	1
05 ae 2b	1
05 b4 19	1
05 b6 7b	1
05 b9 2d	1
05 bc 28	1
05 bf 2a	1
05 c0 29	1
05 c1 2c	1
05 cd 18	1
05 cd 2d	1
05 d5 2c	1
05 d6 19	1
05 d6 2a	1
05 d9 2b	1
05 da 17	1
05 dd 7c	1
05 e3 27	1
05 e4 18	1
05 e7 28	1
05 e8 94	1
05 e8 9c	1
05 e9 2c	1
05 eb 29	1
05 ed 2a	1
05 ed 2b	1
05 fa 27	1
05 fb 19	1
05 fd 2c	1
05 fe 28	1
05 fe 29	1
06 00 05	1
06 00 52	1
06 00 e0	1
06 02 00	1
06 02 43	1
06 02 4e	1
06 02 50	1
06 02 55	1
06 02 59	1
06 02 b7	1
06 02 dc	1
06 02 e5	1
06 03 cc	1
06 05 00	1
06 05 f1	1
06 06 00	1
06 08 00	1
06 14 40	1
06 15 40	1
06 16 40	1
06 41 0c	1
06 48 8b	1
06 4d 0c	1
06 4e 8e	1
06 50 8f	1
06 58 0c	1
06 59 0c	1
06 5b 0c	1
06 63 0c	1
06 66 0c	1
06 6a 0c	1
06 6b 0c	1
06 70 0c	1
06 72 0c	1
06 74 0c	1
06 7c 0c	1
06 c5 ff	1
06 ea ff	1
06 f0 ff	1
07 00 5e	1
07 10 14	1
07 4d 0e	1
07 75 e7	1
07 c7 45	1
08 00 14	1
08 00 24	1
08 00 d0	1
08 03 00	1
08 04 00	1
08 05 88	1
08 0d 00	1
08 17 00	1
08 18 00	1
08 19 00	1
08 1a 00	1
08 39 c2	1
08 44 89	1
08 48 83	1
08 48 89	1
08 5d c3	1
08 5f 40	1
08 80 00	1
08 8b 01	1
08 91 60	1
08 a5 ff	1
08 b8 00	1
08 c3 00	1
08 da ff	1
08 e9 1e	1
08 eb 1a	1
08 fa ff	1
08 fb ff	1
08 ff ff	1
09 00 40	1
09 00 60	1
09 0b 04	1
09 dd ff	1
0a 00 90	1
0a 04 00	1
0a 05 b6	1
0a 54 00	1
0a 7c 20	1
0a bf 00	1
0a c2 ff	1
0a d3 ff	1
0a d8 ff	1
0a de ff	1
0a fa 01	1
0b 29 00	1
0b 77 08	1
0b ab 01	1
0c 00 30	1
0c 01 00	1
0c 02 48	1
0c 07 00	1
0c 0a 00	1
0c 0b 00	1
0c 0d 00	1
0c 12 00	1
0c 13 00	1
0c 14 00	1
0c 16 00	1
0c 26 40	1
0c 2d 00	1
0c 35 05	1
0c 39 c2	1
0c 43 79	1
0c 48 8b	1
0c b6 ff	1
0c d1 ff	1
0c fa ff	1
0d 00 08	1
0d 00 0c	1
0d 00 1b	1
0d 00 1f	1
0d 00 22	1
0d 00 2e	1
0d 00 2f	1
0d 00 32	1
0d 00 3a	1
0d 00 3d	1
0d 00 3f	1
0d 00 43	1
0d 00 44	1
0d 00 47	1
0d 00 48	1
0d 00 4f	1
0d 00 50	1
0d 00 54	1
0d 00 56	1
0d 00 57	1
0d 00 58	1
0d 00 5c	1
0d 00 5e	1
0d 00 61	1
0d 00 62	1
0d 00 6c	1
0d 00 70	1
0d 00 80	1
0d 00 85	1
0d 00 87	1
0d 00 90	1
0d 00 91	1
0d 00 92	1
0d 00 94	1
0d 00 95	1
0d 00 96	1
0d 00 97	1
0d 00 a0	1
0d 00 a4	1
0d 00 a7	1
0d 00 a9	1
0d 00 ae	1
0d 00 b0	1
0d 00 b1	1
0d 00 b7	1
0d 00 be	1
0d 00 bf	1
0d 00 c0	1
0d 00 cd	1
0d 00 d7	1
0d 00 d8	1
0d 00 e6	1
0d 00 ea	1
0d 00 f2	1
0d 00 f7	1
0d 00 fc	1
0d 05 a8	1
0d 0c 07	1
0d c1 01	1
0d f2 ff	1
0e 05 00	1
0e 05 f8	1
0e 10 42	1
0e 10 8f	1
0e 18 4a	1
0e 20 42	1
0e 20 8d	1
0e 30 41	1
0e 30 86	1
0e 40 6c	1
0e 48 8b	1
0e bc ff	1
0e e2 ff	1
0e e5 ff	1
0f 00 18	1
0f 00 38	1
0f 00 80	1
0f 05 8c	1
0f 10 10	1
0f 10 45	1
0f 10 55	1
0f 10 8d	1
0f 10 9d	1
0f 10 ad	1
0f 11 65	1
0f 11 75	1
0f 35 e7	1
0f 58 c1	1
0f 64 05	1
0f 84 99	1
0f 84 a2	1
0f 84 ab	1
0f 85 13	1
0f 85 6b	1
0f 85 9a	1
0f 85 c6	1
0f ab 01	1
0f fb ff	1
0f fd 2c	1
10 00 21	1
10 00 88	1
10 07 03	1
10 09 00	1
10 14 00	1
10 1a 00	1
10 40 28	1
10 45 d0	1
10 46 0e	1
10 48 28	1
10 48 38	1
10 48 40	1
10 48 8d	1
10 4d d0	1
10 4d f8	1
10 57 40	1
10 64 40	1
10 68 00	1
10 85 30	1
10 89 7d	1
10 91 60	1
10 95 30	1
10 a5 30	1
10 b5 30	1
10 c9 c3	1
10 de ff	1
10 e9 9d	1
10 fe ff	1
11 00 0f	1
11 00 28	1
11 00 d8	1
11 01 00	1
11 02 0f	1
11 02 19	1
11 0a 00	1
11 45 b8	1
11 45 c0	1
11 45 d0	1
11 4d d0	1
11 55 48	1
11 5d c0	1
11 6d b0	1
11 85 50	1
11 e7 be	1
12 00 0b	1
12 00 0e	1
12 00 2c	1
12 06 00	1
12 0b 00	1
12 0c 00	1
12 0e 00	1
12 45 40	1
12 48 01	1
12 48 8b	1
12 67 40	1
12 7c 20	1
12 a9 ff	1
12 ba ff	1
12 e3 ff	1
12 e8 ff	1
12 f6 ff	1
12 f8 ff	1
12 fa ff	1
13 00 00	1
13 00 e8	1
13 03 00	1
13 05 c5	1
13 31 00	1
13 88 01	1
13 fd ff	1
14 02 00	1
14 06 00	1
14 08 00	1
14 0e 00	1
14 0f 00	1
14 15 00	1
14 2a 00	1
14 40 00	1
14 48 8b	1
14 48 8d	1
14 8b 85	1
14 98 0c	1
14 ef ff	1
14 fa 01	1
15 01 0c	1
15 e8 e8	1
16 00 00	1
16 01 00	1
16 03 00	1
16 13 00	1
16 14 40	1
16 15 40	1
16 16 40	1
16 27 00	1
16 32 00	1
16 5d 40	1
16 60 40	1
16 de ff	1
16 df ff	1
16 e4 ff	1
16 f3 ff	1
16 f5 ff	1
16 ff ff	1
17 00 00	1
17 00 a8	1
17 00 c8	1
17 00 f8	1
17 05 00	1
17 05 c5	1
17 05 fb	1
17 0c 07	1
17 23 00	1
17 48 89	1
17 c1 01	1
18 00 ba	1
18 00 d7	1
18 00 dd	1
18 07 00	1
18 0e 00	1
18 11 00	1
18 15 00	1
18 42 0e	1
18 5b 41	1
18 89 45	1
18 89 c6	1
18 8e 03	1
18 90 60	1
18 91 60	1
18 d7 ff	1
18 df ff	1
18 e1 ff	1
18 e6 ff	1
19 00 59	1
19 00 85	1
19 00 91	1
19 00 99	1
19 00 9c	1
19 00 a0	1
19 00 ab	1
19 00 ae	1
19 00 b9	1
19 00 bd	1
19 00 c8	1
19 00 ce	1
19 00 d9	1
19 00 e5	1
19 01 0f	1
19 03 00	1
19 0f 00	1
19 28 00	1
19 e2 ff	1
1a 00 9c	1
1a 00 b0	1
1a 00 b4	1
1a 00 b8	1
1a 00 c0	1
1a 01 00	1
1a 02 00	1
1a 04 00	1
1a 11 00	1
1a 16 00	1
1a 18 00	1
1a 19 00	1
1a 3b 2a	1
1a 55 40	1
1a 7c 20	1
1a e1 ff	1
1a e9 ff	1
1a fa ff	1
1a fb ff	1
1b 46 40	1
1b aa 01	1
1b dd ff	1
1b f4 ff	1
1c 00 06	1
1c 10 00	1
1c 1c 00	1
1c 48 8b	1
1c 58 40	1
1c db ff	1
1c de ff	1
1c e5 ff	1
1c ea ff	1
1d 01 00	1
1d 03 00	1
1e 02 00	1
1e 61 40	1
1e bf b8	1
1e d4 ff	1
1e d5 ff	1
1e e2 ff	1
1e f0 ff	1
1e f8 ff	1
1f 00 1c	1
1f 00 55	1
1f 00 e9	1
1f 01 00	1
1f 2f 00	1
1f 63 40	1
1f 84 00	1
1f 84 db	1
1f e2 ff	1
1f f1 ff	1
20 00 0f	1
20 00 19	1
20 00 53	1
20 00 55	1
20 00 ff	1
20 01 00	1
20 06 00	1
20 08 00	1
20 0c 00	1
20 0f 00	1
20 12 00	1
20 16 00	1
20 1b 00	1
20 28 47	1
20 2a b9	1
20 32 30	1
20 48 61	1
20 5b 41	1
20 65 40	1
20 67 40	1
20 68 40	1
20 90 60	1
20 91 60	1
20 de ff	1
20 df ff	1
20 e5 ff	1
20 ef ff	1
20 f7 ff	1
21 00 00	1
21 01 10	1
21 14 00	1
21 d3 03	1
21 e0 ff	1
21 fd f4	1
22 02 00	1
22 05 00	1
22 26 00	1
22 48 8b	1
22 5a 40	1
22 7c 20	1
23 03 00	1
23 25 00	1
23 48 8b	1
24 01 00	1
24 03 00	1
24 05 00	1
24 08 00	1
24 09 00	1
24 0c 00	1
24 10 44	1
24 11 00	1
24 22 00	1
24 48 8b	1
24 4c 89	1
24 83 7d	1
24 df ff	1
24 e1 ff	1
24 ed ff	1
25 01 1b	1
25 0a 00	1
25 1e 00	1
25 30 00	1
25 48 83	1
25 48 89	1
25 48 8b	1
25 e0 ff	1
26 03 00	1
26 06 00	1
26 11 00	1
26 14 40	1
26 15 40	1
26 16 40	1
26 31 00	1
26 4a 40	1
26 56 40	1
26 bb ff	1
26 c5 ff	1
27 00 00	1
27 00 b9	1
27 00 e1	1
27 05 00	1
27 12 00	1
27 19 00	1
27 1d 00	1
27 81 7d	1
28 00 99	1
28 00 9c	1
28 00 b8	1
28 00 d2	1
28 00 d5	1
28 00 ee	1
28 00 f1	1
28 00 fd	1
28 04 00	1
28 07 00	1
28 08 00	1
28 0b 00	1
28 10 00	1
28 15 00	1
28 17 00	1
28 18 00	1
28 1a 00	1
28 26 20	1
28 42 0e	1
28 45 d5	1
28 52 65	1
28 5b 5d	1
28 84 40	1
28 8c 05	1
28 90 60	1
28 91 60	1
28 c2 48	1
28 e9 ff	1
28 ef ff	1
28 f2 0f	1
29 00 8a	1
29 00 8d	1
29 00 a6	1
29 00 b5	1
29 00 c2	1
29 00 d3	1
29 00 d4	1
29 00 f4	1
29 03 00	1
29 e5 31	1
29 fb ff	1
2a 00 8c	1
2a 00 a6	1
2a 00 aa	1
2a 00 c0	1
2a 02 00	1
2a 17 00	1
2a 33 24	1
2a 7c 20	1
2a c8 48	1
2a dd ff	1
2b 00 a5	1
2b 00 a9	1
2b 00 bf	1
2b 00 f2	1
2b 00 f6	1
2b 2b 2e	1
2b 4e 2c	1
2b e1 ff	1
2c 00 3b	1
2c 00 80	1
2c 00 8b	1
2c 00 96	1
2c 00 97	1
2c 00 9a	1
2c 00 9b	1
2c 00 b0	1
2c 00 b1	1
2c 00 b4	1
2c 00 c3	1
2c 00 d2	1
2c 00 d5	1
2c 00 d6	1
2c 00 d7	1
2c 00 e2	1
2c 00 e3	1
2c 00 f1	1
2c 00 f5	1
2c 00 fc	1
2c 00 fd	1
2c 07 00	1
2c 09 00	1
2c 0a 00	1
2c 0b 00	1
2c 0d 00	1
2c 12 00	1
2c 14 00	1
2c 84 00	1
2c c5 ff	1
2c d4 ff	1
2c e1 ff	1
2c f6 ff	1
2d 00 80	1
2d 00 97	1
2d 00 bb	1
2d 00 e1	1
2d 00 f0	1
2d 00 ff	1
2d 03 00	1
2d 37 29	1
2d 69 64	1
2d 74 61	1
2e 00 47	1
2e 00 83	1
2e 00 a7	1
2e 00 cb	1
2e 00 d0	1
2e 05 00	1
2e 0f 1f	1
2e 20 00	1
2e 33 20	1
2e 33 2d	1
2e 36 33	1
2e 41 42	1
2e 62 73	1
2e 62 75	1
2e 62 79	1
2e 64 61	1
2e 65 40	1
2e 67 63	1
2e 67 6f	1
2e 68 61	1
2e 6a 63	1
2e 6e 67	1
2e 72 6f	1
2e 74 65	1
2e 76 65	1
2e d6 ff	1
2e de ff	1
2e fc ff	1
2f 05 00	1
2f 2a 40	1
2f 49 89	1
2f 6c 64	1
2f 6c 69	1
2f f3 ff	1
30 00 47	1
30 09 00	1
30 0d 00	1
30 14 00	1
30 31 34	1
30 4e 40	1
30 63 6f	1
30 64 65	1
30 69 69	1
30 90 60	1
30 91 60	1
30 b8 00	1
30 d9 ff	1
30 e4 ff	1
30 ee ff	1
30 f0 ff	1
30 f7 ff	1
30 f9 ff	1
31 00 5f	1
31 20 28	1
31 2e 00	1
31 30 64	1
31 30 70	1
31 33 63	1
31 33 66	1
31 33 69	1
31 33 70	1
31 35 64	1
31 37 72	1
31 38 75	1
31 45 45	1
31 45 50	1
31 5f 53	1
31 5f 5f	1
31 db 48	1
31 e0 ff	1
31 e1 ff	1
31 ed 49	1
32 00 04	1
32 05 00	1
32 18 00	1
32 2d 00	1
32 33 5f	1
32 45 6d	1
32 49 4c	1
32 5c 40	1
32 5f 44	1
32 5f 4d	1
32 7c 20	1
32 bf ff	1
32 d4 ff	1
32 e7 19	1
32 ed ff	1
32 f8 ff	1
33 33 38	1
33 48 89	1
33 5f 4d	1
33 63 6f	1
33 65 6e	1
33 66 69	1
34 04 00	1
34 05 00	1
34 08 00	1
34 0e 00	1
34 0f 00	1
34 11 00	1
34 15 00	1
34 30 39	1
34 31 5f	1
34 49 6e	1
34 5f 52	1
34 63 6f	1
34 64 61	1
34 66 61	1
34 73 65	1
34 f1 ff	1
34 fa ff	1
35 00 43	1
35 01 2b	1
35 24 00	1
35 5f 53	1
35 5f 54	1
35 62 65	1
35 64 69	1
35 be 4e	1
35 e7 19	1
36 00 5f	1
36 04 00	1
36 05 3d	1
36 14 40	1
36 15 40	1
36 16 40	1
36 2d 36	1
36 34 2e	1
36 34 2f	1
36 5f 00	1
36 72 61	1
36 73 75	1
36 f6 ff	1
37 04 00	1
37 07 00	1
37 5f 52	1
37 67 65	1
37 fe ff	1
38 00 09	1
38 00 5f	1
38 04 00	1
38 05 41	1
38 07 00	1
38 0e 00	1
38 11 00	1
38 15 00	1
38 26 20	1
38 41 0e	1
38 61 6c	1
38 66 0f	1
38 68 40	1
38 83 07	1
38 90 60	1
38 91 60	1
38 b3 ff	1
38 be 20	1
38 c2 ff	1
38 ea ff	1
38 ff ff	1
39 0a 00	1
39 26 00	1
39 31 31	1
39 48 8b	1
39 5f 00	1
39 5f 4d	1
39 63 6f	1
39 70 75	1
39 c3 0f	1
39 c3 75	1
39 eb 75	1
3a 00 00	1
3a 00 2c	1
3a 00 3b	1
3a 09 00	1
3a 3a 5f	1
3a 63 40	1
3a 7c 20	1
3a de ff	1
3a ef ff	1
3b 00 2c	1
3b 00 76	1
3b 05 00	1
3b 45 d0	1
3b 45 f0	1
3b d4 ff	1
3c 05 45	1
3c 07 00	1
3c 10 00	1
3c c4 ff	1
3c d2 ff	1
3c d9 ff	1
3c dc ff	1
3c e5 ff	1
3c fa ff	1
3d 00 52	1
3d 1b 00	1
3d 23 00	1
3d 64 40	1
3d e8 76	1
3e 00 01	1
3e 05 00	1
3e 10 00	1
3e 20 00	1
3e 25 00	1
3e de ff	1
3e e0 ff	1
3e e1 ff	1
3e e4 ff	1
3e fa ff	1
3f 07 00	1
3f 0b 00	1
3f 0e 00	1
3f 1f 00	1
3f 65 40	1
40 00 1f	1
40 00 38	1
40 00 b8	1
40 00 ff	1
40 02 00	1
40 05 00	1
40 06 00	1
40 07 00	1
40 0a 00	1
40 0c 00	1
40 0f 00	1
40 18 00	1
40 1b 00	1
40 28 f2	1
40 31 00	1
40 38 48	1
40 40 48	1
40 48 8b	1
40 5b 41	1
40 5e 40	1
40 66 0f	1
40 90 60	1
40 91 60	1
40 ed ff	1
41 00 55	1
41 0e 28	1
41 42 4c	1
41 4c 5f	1
41 4d 45	1
41 4d 49	1
41 55 49	1
41 5d 5d	1
41 5e 5d	1
41 5f 5d	1
41 5f c3	1
41 89 ff	1
41 bc 01	1
42 05 00	1
42 08 c9	1
42 0b 00	1
42 0e 08	1
42 0e 18	1
42 20 48	1
42 29 00	1
42 30 48	1
42 40 48	1
42 49 2d	1
42 50 5d	1
42 5f 00	1
42 5f 52	1
42 7c 20	1
42 db ff	1
43 04 00	1
43 0c 07	1
43 2a 40	1
43 33 00	1
43 3a 20	1
43 48 89	1
43 6c 61	1
43 7e dd	1
44 06 00	1
44 07 00	1
44 09 00	1
44 0c 00	1
44 0f 00	1
44 11 00	1
44 57 40	1
44 89 7c	1
44 89 e9	1
44 89 f3	1
44 89 ff	1
44 8b 8d	1
44 8b 95	1
44 8b ad	1
44 8b bd	1
44 bc ff	1
44 dd ff	1
44 e2 ff	1
44 f0 ff	1
45 00 59	1
45 0e 18	1
45 0e 28	1
45 2b 00	1
45 31 30	1
45 31 31	1
45 31 35	1
45 31 39	1
45 32 30	1
45 34 62	1
45 34 66	1
45 35 65	1
45 36 5f	1
45 37 63	1
45 38 5f	1
45 38 61	1
45 39 5f	1
45 39 70	1
45 45 00	1
45 45 33	1
45 45 35	1
45 45 64	1
45 45 76	1
45 50 54	1
45 52 64	1
45 52 69	1
45 53 31	1
45 53 37	1
45 53 44	1
45 54 5f	1
45 5f 45	1
45 61 53	1
45 62 45	1
45 62 52	1
45 69 00	1
45 6d 00	1
45 6d 52	1
45 6d 6d	1
45 70 70	1
45 76 52	1
45 88 48	1
45 90 05	1
45 98 48	1
45 a8 ba	1
45 b8 83	1
45 d0 01	1
45 d0 c9	1
45 d8 00	1
45 d8 10	1
45 d8 4c	1
45 e0 75	1
45 e0 be	1
45 e4 89	1
45 e5 ff	1
45 e8 00	1
45 e8 01	1
45 e8 8b	1
45 ed 04	1
45 f0 5d	1
45 f8 10	1
45 f8 ba	1
45 fc 8b	1
45 fc c9	1
45 fc ee	1
45 fc f0	1
45 fc f2	1
45 fc f4	1
45 fc f7	1
45 fc f9	1
45 fc fb	1
45 fc fd	1
45 fc fe	1
45 fc ff	1
45 ff 00	1
46 05 00	1
46 09 00	1
46 0a 00	1
46 13 40	1
46 14 40	1
46 15 40	1
46 2b 40	1
46 52 41	1
46 53 45	1
46 80 05	1
47 05 9d	1
47 16 00	1
47 22 00	1
47 4c 4f	1
47 60 40	1
47 fe ff	1
48 0a 00	1
48 0b 00	1
48 0e 38	1
48 10 00	1
48 12 00	1
48 17 00	1
48 18 00	1
48 19 00	1
48 1a 00	1
48 21 00	1
48 28 48	1
48 33 00	1
48 48 89	1
48 5b 5d	1
48 63 40	1
48 83 3d	1
48 83 c2	1
48 83 ea	1
48 83 f8	1
48 85 c9	1
48 89 10	1
48 89 51	1
48 89 d1	1
48 89 d7	1
48 89 d9	1
48 89 e2	1
48 8b 05	1
48 8b 12	1
48 8b 30	1
48 8b 58	1
48 8b 8d	1
48 8b 9d	1
48 8b bd	1
48 8d 0c	1
48 90 60	1
48 91 60	1
48 a8 ff	1
48 b8 00	1
48 c1 e2	1
48 c1 ea	1
48 c1 fd	1
48 c7 c1	1
48 e9 ff	1
48 fd ff	1
49 2c 00	1
49 43 00	1
49 53 34	1
49 58 73	1
49 5f 5f	1
49 89 d1	1
49 89 d5	1
4a 0e 00	1
4a 0f 0b	1
4a 48 8b	1
4a 76 5f	1
4a 7c 20	1
4a d4 ff	1
4a d5 ff	1
4a e2 ff	1
4a e4 ff	1
4a f5 ff	1
4b 53 32	1
4b 53 41	1
4b 53 61	1
4b 53 62	1
4b 54 30	1
4b 54 5f	1
4b 63 40	1
4b 63 52	1
4b 63 6d	1
4b 64 00	1
4b 64 53	1
4b 6c 00	1
4b 76 00	1
4b de ff	1
4b ed ff	1
4c 0a 00	1
4c 0d 00	1
4c 12 00	1
4c 13 00	1
4c 14 00	1
4c 19 00	1
4c 1f 00	1
4c 31 38	1
4c 32 00	1
4c 45 5f	1
4c 46 02	1
4c 49 53	1
4c 5f 4f	1
4c 5f 5f	1
4c 62 31	1
4c 89 85	1
4c 89 d7	1
4c 89 e1	1
4c 89 e9	1
4c 89 ea	1
4c 89 ee	1
4c 8b 20	1
4c 8b 8d	1
4c 8b 95	1
4c 8d a5	1
4c d3 ff	1
4c e0 ff	1
4c e2 ff	1
4c f2 ff	1
4c f7 ff	1
4c fd 2c	1
4d 0c 00	1
4d 43 5f	1
4d 43 6c	1
4d 5f 61	1
4d 5f 63	1
4d 5f 67	1
4d 5f 69	1
4d 5f 72	1
4d 69 74	1
4d 90 48	1
4d b8 f2	1
4d c0 f2	1
4d d0 48	1
4d d5 2c	1
4d d8 48	1
4d e8 48	1
4d e9 2c	1
4e 00 00	1
4e 0c 07	1
4e 1e 00	1
4e 44 5f	1
4e 53 6f	1
4e 68 40	1
4e e5 ff	1
4f 00 00	1
4f 42 41	1
4f 46 46	1
4f 5f 73	1
4f 70 65	1
4f de ff	1
4f fd ff	1
50 09 00	1
50 0c 07	1
50 0c 48	1
50 0d 00	1
50 10 e9	1
50 13 00	1
50 14 00	1
50 20 00	1
50 26 79	1
50 4b 76	1
50 4c 52	1
50 53 33	1
50 53 5f	1
50 5d c3	1
50 61 40	1
50 63 00	1
50 76 40	1
50 90 60	1
50 91 60	1
50 c9 ff	1
50 d5 ff	1
50 e5 74	1
50 ec ff	1
50 f7 ff	1
50 fe ff	1
51 08 c9	1
51 e5 74	1
52 01 00	1
52 06 00	1
52 0d 00	1
52 4b 4e	1
52 53 32	1
52 53 62	1
52 53 6f	1
52 54 31	1
52 5f 45	1
52 5f 4c	1
52 64 40	1
52 65 67	1
52 69 00	1
52 7c 20	1
52 e5 74	1
52 e5 ff	1
53 04 00	1
53 39 5f	1
53 44 5f	1
53 45 52	1
53 45 5f	1
53 4c 29	1
53 54 5f	1
53 5f 45	1
53 5f 62	1
53 62 49	1
53 6f 53	1
53 6f 6c	1
53 73 31	1
53 73 36	1
53 73 44	1
53 73 52	1
53 73 53	1
53 74 37	1
53 74 63	1
53 a8 cb	1
54 03 00	1
54 0e 00	1
54 0f 00	1
54 12 00	1
54 13 00	1
54 16 00	1
54 49 c7	1
54 4c 8d	1
54 4d 5f	1
54 5a 40	1
54 5f 00	1
54 61 62	1
54 70 5f	1
54 d4 ff	1
54 d6 ff	1
54 e7 ff	1
54 f2 ff	1
54 f8 ff	1
55 00 d0	1
55 05 00	1
55 0c 07	1
55 10 89	1
55 18 89	1
55 20 89	1
55 29 20	1
55 48 8d	1
55 90 48	1
55 98 48	1
55 bf f0	1
55 c1 ff	1
55 c8 f2	1
55 d0 f2	1
55 e4 89	1
55 e8 4c	1
55 e8 89	1
55 ec 89	1
55 f4 89	1
55 f8 89	1
55 f9 ff	1
56 00 00	1
56 02 00	1
56 04 00	1
56 13 40	1
56 14 40	1
56 15 40	1
56 49 89	1
56 56 40	1
56 d7 ff	1
56 e2 ff	1
56 e9 ff	1
56 ef ff	1
57 00 00	1
57 28 00	1
57 2a 40	1
57 48 89	1
58 01 00	1
58 08 48	1
58 0e 00	1
58 15 00	1
58 1c 00	1
58 31 00	1
58 46 40	1
58 90 60	1
58 91 60	1
58 d4 ff	1
58 df ff	1
58 f6 ff	1
58 f9 ff	1
59 0c 07	1
59 15 00	1
59 4e 41	1
59 c7 01	1
59 d5 ff	1
5a 1a 00	1
5a 48 40	1
5a 5a 4c	1
5a 64 40	1
5a 64 6c	1
5a 7b 20	1
5a 7c 20	1
5a b0 ff	1
5a c1 ff	1
5a fb ff	1
5b 5d 41	1
5c 01 00	1
5c 0a 00	1
5c 63 40	1
5c d0 66	1
5c d7 ff	1
5c e2 ff	1
5d 04 00	1
5d 48 89	1
5d c3 66	1
5d c3 ba	1
5d c6 05	1
5e 0d 00	1
5e 61 40	1
5e e0 ff	1
5f 00 65	1
5f 40 40	1
5f 44 59	1
5f 45 37	1
5f 45 40	1
5f 45 4e	1
5f 49 4f	1
5f 49 54	1
5f 49 5f	1
5f 4a 76	1
5f 52 54	1
5f 52 65	1
5f 53 32	1
5f 53 36	1
5f 53 39	1
5f 53 41	1
5f 53 74	1
5f 54 31	1
5f 54 41	1
5f 54 4d	1
5f 5a 34	1
5f 5f 46	1
5f 5f 5a	1
5f 5f 62	1
5f 5f 69	1
5f 5f 6d	1
5f 5f 70	1
5f 61 32	1
5f 62 49	1
5f 62 65	1
5f 63 68	1
5f 63 6c	1
5f 64 6f	1
5f 64 73	1
5f 64 74	1
5f 65 64	1
5f 65 78	1
5f 66 72	1
5f 67 6c	1
5f 67 6d	1
5f 67 78	1
5f 68 61	1
5f 6b 65	1
5f 6c 69	1
5f 6d 00	1
5f 6d 49	1
5f 6d 61	1
5f 6d 64	1
5f 6e 67	1
5f 6e 69	1
5f 6f 66	1
5f 70 65	1
5f 70 74	1
5f 73 2e	1
5f 73 65	1
5f 73 75	1
5f 74 6d	1
5f 76 30	1
5f 76 61	1
60 00 bf	1
60 06 00	1
60 08 00	1
60 0a 00	1
60 0c 00	1
60 0e 00	1
60 11 00	1
60 16 00	1
60 2d 00	1
60 55 40	1
60 5b 41	1
60 5f 40	1
60 68 40	1
60 90 60	1
60 91 60	1
60 ce ff	1
60 de ff	1
60 e3 ff	1
60 fc ff	1
61 2e 64	1
61 2e 70	1
61 31 30	1
61 35 70	1
61 43 31	1
61 43 32	1
61 44 31	1
61 44 32	1
61 45 50	1
61 45 69	1
61 45 76	1
61 49 4c	1
61 49 4e	1
61 49 50	1
61 4e 52	1
61 5f 62	1
61 5f 65	1
61 5f 72	1
61 5f 73	1
61 60 40	1
61 63 63	1
61 67 00	1
61 67 65	1
61 69 6c	1
61 6c 75	1
61 6e 53	1
61 72 49	1
61 72 65	1
61 73 68	1
61 73 73	1
61 74 20	1
62 05 00	1
62 06 00	1
62 1d 00	1
62 2e 00	1
62 31 45	1
62 49 50	1
62 5e 40	1
62 5f 49	1
62 61 6c	1
62 67 63	1
62 73 73	1
62 73 74	1
62 7b 20	1
62 7c 20	1
62 d7 ff	1
62 f1 ff	1
63 00 2e	1
63 16 00	1
63 2e 73	1
63 40 40	1
63 45 00	1
63 45 43	1
63 45 44	1
63 45 4e	1
63 52 4b	1
63 52 53	1
63 53 32	1
63 65 5f	1
63 65 73	1
63 68 65	1
63 6b 45	1
63 6b 5f	1
63 6d 00	1
63 6d 70	1
63 6f 53	1
63 6f 75	1
63 72 00	1
63 72 65	1
63 74 49	1
63 76 00	1
63 76 40	1
64 00 00	1
64 00 2e	1
64 01 00	1
64 02 00	1
64 05 00	1
64 06 00	1
64 09 00	1
64 0a 00	1
64 0c 00	1
64 10 00	1
64 17 00	1
64 25 00	1
64 2d 6c	1
64 45 40	1
64 45 44	1
64 45 4c	1
64 45 50	1
64 45 62	1
64 49 4c	1
64 49 50	1
64 53 32	1
64 5c 40	1
64 5f 64	1
64 5f 66	1
64 5f 6b	1
64 63 2b	1
64 65 00	1
64 65 45	1
64 65 61	1
64 65 63	1
64 68 40	1
64 69 66	1
64 69 6e	1
64 6c 65	1
64 6f 5f	1
64 6f 6d	1
64 74 6f	1
64 af ff	1
64 d1 ff	1
64 e2 ff	1
65 01 00	1
65 1e 00	1
65 2a 40	1
65 45 4e	1
65 49 4c	1
65 49 63	1
65 5f 68	1
65 5f 69	1
65 5f 73	1
65 5f 74	1
65 61 64	1
65 61 74	1
65 63 6b	1
65 64 00	1
65 64 2e	1
65 64 69	1
65 66 40	1
65 6c 65	1
65 6d 63	1
65 6e 45	1
65 6e 63	1
65 6e 6d	1
65 70 74	1
65 72 43	1
65 74 65	1
65 74 66	1
65 74 68	1
65 74 6c	1
65 78 69	1
65 78 74	1
65 79 5f	1
65 b8 f2	1
65 e3 ff	1
66 00 00	1
66 05 00	1
66 06 00	1
66 07 00	1
66 0d 00	1
66 0f 28	1
66 13 40	1
66 14 40	1
66 15 40	1
66 2e 0f	1
66 2e 63	1
66 30 00	1
66 45 50	1
66 45 53	1
66 61 69	1
66 65 72	1
66 66 65	1
66 69 72	1
66 90 0f	1
66 90 48	1
66 90 55	1
66 f2 ff	1
66 f5 ff	1
66 f6 ff	1
66 f8 ff	1
66 fa ff	1
67 00 2e	1
67 01 00	1
67 40 00	1
67 45 31	1
67 49 64	1
67 49 69	1
67 5f 6d	1
67 6c 6f	1
67 6d 6f	1
67 6f 74	1
67 78 78	1
67 d5 ff	1
68 00 00	1
68 00 2e	1
68 01 00	1
68 02 00	1
68 03 00	1
68 04 00	1
68 06 00	1
68 07 00	1
68 08 00	1
68 09 00	1
68 0a 00	1
68 0c 00	1
68 0d 00	1
68 0e 00	1
68 11 00	1
68 13 00	1
68 14 00	1
68 15 00	1
68 16 00	1
68 1a 00	1
68 1b 00	1
68 1d 00	1
68 1e 00	1
68 1f 00	1
68 20 00	1
68 21 00	1
68 22 00	1
68 23 00	1
68 24 00	1
68 25 00	1
68 26 00	1
68 27 00	1
68 28 00	1
68 29 00	1
68 2a 00	1
68 2b 00	1
68 2c 00	1
68 2d 00	1
68 2e 00	1
68 2f 00	1
68 5f 62	1
68 64 72	1
68 65 63	1
68 65 6c	1
68 72 65	1
68 90 60	1
68 91 60	1
68 d4 ff	1
68 db ff	1
68 dd ff	1
68 e2 ff	1
68 e4 ff	1
68 f5 ff	1
68 fa ff	1
69 00 2e	1
69 02 00	1
69 0c 00	1
69 14 00	1
69 40 40	1
69 45 62	1
69 5f 61	1
69 62 36	1
69 62 6d	1
69 62 73	1
69 66 49	1
69 66 66	1
69 69 64	1
69 6c 45	1
69 6e 40	1
69 6e 45	1
69 6e 5f	1
69 6e 65	1
69 6e 73	1
69 74 00	1
69 74 40	1
69 74 43	1
69 74 79	1
69 7a 61	1
6a 25 99	1
6a 46 40	1
6a 48 8d	1
6a 4e 40	1
6a 7b 20	1
6a 7c 20	1
6a db ff	1
6a dd ff	1
6b 00 00	1
6b 05 00	1
6b 09 00	1
6b 19 00	1
6b 45 52	1
6b 48 89	1
6b 5f 6c	1
6b 65 79	1
6b b6 00	1
6b ff ff	1
6c 00 00	1
6c 01 00	1
6c 05 00	1
6c 06 00	1
6c 07 00	1
6c 0a 00	1
6c 0d 00	1
6c 0e 00	1
6c 0e 38	1
6c 13 00	1
6c 14 00	1
6c 2f 00	1
6c 43 32	1
6c 45 76	1
6c 50 76	1
6c 5f 64	1
6c 61 40	1
6c 61 73	1
6c 61 74	1
6c 64 2d	1
6c 65 6e	1
6c 69 74	1
6c 6f 62	1
6c 70 76	1
6c 73 45	1
6c f2 ff	1
6d 00 2e	1
6d 18 00	1
6d 2e 73	1
6d 40 40	1
6d 45 52	1
6d 52 4b	1
6d 5f 61	1
6d 5f 63	1
6d 61 69	1
6d 63 6d	1
6d 65 00	1
6d 65 40	1
6d 65 6d	1
6d 69 63	1
6d 69 74	1
6d 6d 40	1
6d 6d 65	1
6d 6f 64	1
6d 6f 6e	1
6d 70 00	1
6d 70 61	1
6d 74 61	1
6d 79 00	1
6d 79 5f	1
6d b9 ff	1
6d e2 ff	1
6e 00 2e	1
6e 00 47	1
6e 00 5f	1
6e 04 00	1
6e 13 00	1
6e 45 6d	1
6e 5f 30	1
6e 5f 61	1
6e 5f 63	1
6e 5f 72	1
6e 5f 73	1
6e 5f 75	1
6e 61 62	1
6e 61 6c	1
6e 61 6d	1
6e 63 65	1
6e 64 00	1
6e 64 45	1
6e 65 49	1
6e 65 54	1
6e 65 73	1
6e 67 64	1
6e 67 6d	1
6e 67 73	1
6e 69 5f	1
6e 74 72	1
6e 75 78	1
6e af ff	1
6e ee ff	1
6e ef ff	1
6f 04 00	1
6f 27 00	1
6f 2e 31	1
6f 2e 32	1
6f 2e 36	1
6f 52 52	1
6f 53 5f	1
6f 5f 67	1
6f 62 61	1
6f 64 61	1
6f 66 45	1
6f 69 40	1
6f 69 6e	1
6f 6c 73	1
6f 6e 00	1
6f 6e 61	1
6f 6e 73	1
6f 72 3a	1
6f 72 45	1
6f 72 53	1
6f 72 61	1
6f 72 73	1
6f 74 00	1
6f 75 74	1
6f 77 40	1
6f 79 5f	1
6f e0 ff	1
70 07 00	1
70 08 00	1
70 0d 00	1
70 13 00	1
70 14 00	1
70 16 40	1
70 1a 00	1
70 40 40	1
70 45 69	1
70 48 8b	1
70 61 72	1
70 65 72	1
70 6c 45	1
70 6c 65	1
70 6f 70	1
70 74 68	1
70 74 72	1
70 75 6c	1
70 75 73	1
70 76 45	1
70 90 60	1
70 91 60	1
70 a8 ff	1
70 de ff	1
71 05 00	1
71 49 63	1
71 72 74	1
71 ff ff	1
72 00 6e	1
72 0c 00	1
72 0e 00	1
72 1a 00	1
72 1f 00	1
72 43 6c	1
72 45 6d	1
72 54 4d	1
72 65 5f	1
72 65 6e	1
72 65 74	1
72 69 6e	1
72 70 00	1
72 73 5f	1
72 73 69	1
72 73 6f	1
72 73 74	1
72 74 40	1
72 74 73	1
72 79 00	1
72 7b 20	1
72 7c 20	1
72 c8 ff	1
72 e5 ff	1
72 f3 ff	1
72 f6 ff	1
72 f7 ff	1
72 fb ff	1
72 fc ff	1
73 00 01	1
73 00 72	1
73 1d 00	1
73 23 00	1
73 31 33	1
73 34 64	1
73 34 73	1
73 36 73	1
73 40 40	1
73 44 31	1
73 45 50	1
73 52 4b	1
73 53 30	1
73 53 74	1
73 5f 4f	1
73 5f 61	1
73 5f 63	1
73 5f 73	1
73 65 72	1
73 65 73	1
73 68 5f	1
73 68 73	1
73 69 6f	1
73 6f 5f	1
73 6f 6e	1
73 71 72	1
73 72 53	1
73 73 00	1
73 73 5f	1
73 73 65	1
73 74 2e	1
73 74 5f	1
73 74 6f	1
73 74 75	1
74 00 46	1
74 00 61	1
74 00 6d	1
74 00 70	1
74 02 00	1
74 05 e8	1
74 0a 00	1
74 0d 83	1
74 0e 00	1
74 10 48	1
74 12 48	1
74 14 55	1
74 1e 0f	1
74 1e b8	1
74 29 92	1
74 2e 70	1
74 31 39	1
74 32 33	1
74 32 36	1
74 33 64	1
74 33 6d	1
74 35 be	1
74 37 67	1
74 39 62	1
74 43 31	1
74 4c 38	1
74 5f 54	1
74 5f 5f	1
74 5f 63	1
74 5f 68	1
74 5f 6d	1
74 5f 74	1
74 61 00	1
74 61 2e	1
74 61 43	1
74 61 45	1
74 61 62	1
74 61 64	1
74 61 67	1
74 64 06	1
74 65 00	1
74 65 5f	1
74 65 71	1
74 6c 69	1
74 6d 5f	1
74 6f 69	1
74 72 45	1
74 72 79	1
74 79 5f	1
74 d7 ff	1
74 e1 ff	1
74 f4 5d	1
74 fb ff	1
75 02 5d	1
75 06 90	1
75 10 48	1
75 14 8b	1
75 1e bf	1
75 23 48	1
75 27 81	1
75 2e 76	1
75 43 48	1
75 62 5f	1
75 62 73	1
75 65 45	1
75 66 66	1
75 69 6c	1
75 73 65	1
75 73 68	1
75 74 00	1
75 78 00	1
75 78 45	1
75 78 49	1
75 a8 48	1
75 b2 48	1
75 d0 48	1
75 d0 c7	1
75 d1 48	1
75 ea 48	1
75 f0 eb	1
75 f4 48	1
75 f8 83	1
76 00 70	1
76 00 73	1
76 02 00	1
76 07 c7	1
76 0a 00	1
76 10 00	1
76 13 40	1
76 14 40	1
76 15 40	1
76 20 00	1
76 30 40	1
76 50 54	1
76 52 53	1
76 53 5f	1
76 5f 52	1
76 65 72	1
76 d5 ff	1
76 e1 ff	1
76 f5 ff	1
77 00 5f	1
77 00 6c	1
77 01 00	1
77 40 40	1
77 6d 00	1
77 6d 40	1
77 6d 50	1
78 10 00	1
78 15 00	1
78 2d 78	1
78 31 31	1
78 38 36	1
78 45 4e	1
78 49 4c	1
78 49 6d	1
78 5f 66	1
78 5f 70	1
78 63 65	1
78 78 5f	1
78 90 60	1
78 91 60	1
78 af ff	1
78 d7 ff	1
78 de ff	1
78 e2 ff	1
78 f5 ff	1
78 f6 ff	1
78 fc ff	1
78 fe ff	1
79 00 6e	1
79 03 00	1
79 0b 00	1
79 45 50	1
79 49 4c	1
79 49 4e	1
79 49 53	1
79 49 6b	1
79 5f 62	1
79 5f 63	1
79 5f 65	1
79 5f 73	1
79 5f 76	1
79 74 65	1
79 e2 ff	1
7a 7b 20	1
7a 7c 20	1
7a af ff	1
7a e3 ff	1
7a e7 ff	1
7a fe ff	1
7b 04 00	1
7b 20 00	1
7c 03 00	1
7c 04 00	1
7c 08 00	1
7c 0b 00	1
7c 0f 00	1
7c 20 00	1
7c 24 08	1
7c 5d 40	1
7c 65 40	1
7c c3 ff	1
7c e3 ff	1
7c e5 ff	1
7c e6 ff	1
7c f6 ff	1
7d 02 00	1
7d 22 00	1
7d a4 00	1
7d a4 01	1
7d cc 43	1
7d d8 b8	1
7d e8 00	1
7d f8 ff	1
7d fc 00	1
7d fc 01	1
7d fc 8b	1
7e 00 00	1
7e 02 00	1
7e 0a 00	1
7e bc ff	1
7e d2 ff	1
7e dd ff	1
7e de ff	1
7e e8 ff	1
7e f9 ff	1
7f 28 00	1
7f 45 4c	1
7f 48 89	1
7f e2 ff	1
80 02 00	1
80 03 05	1
80 06 00	1
80 08 00	1
80 0a 00	1
80 0e 00	1
80 11 00	1
80 16 00	1
80 25 05	1
80 3d c9	1
80 48 40	1
80 48 89	1
80 48 8b	1
80 48 8d	1
80 68 40	1
80 90 60	1
80 91 60	1
80 b5 ff	1
80 bf 58	1
80 e2 ff	1
80 e8 ff	1
80 e9 ff	1
80 fd ff	1
81 01 05	1
81 14 00	1
81 26 00	1
81 7d f8	1
81 ec 70	1
81 ec c8	1
82 01 00	1
82 01 a3	1
82 06 00	1
82 07 00	1
82 7b 20	1
82 7c 20	1
82 c1 ff	1
82 e2 ff	1
82 e4 ff	1
83 02 00	1
83 06 03	1
83 07 03	1
83 27 05	1
83 45 d4	1
83 45 f8	1
83 7d e8	1
83 7d fc	1
83 bd 6c	1
83 bd 8c	1
83 c0 18	1
83 c2 18	1
83 c3 01	1
83 c4 08	1
83 c4 20	1
83 c4 28	1
83 c4 40	1
83 c4 48	1
83 c4 60	1
83 e4 f0	1
83 ec 48	1
84 01 00	1
84 02 00	1
84 05 00	1
84 06 00	1
84 09 00	1
84 0c 00	1
84 15 00	1
84 2a 00	1
84 2b 00	1
84 40 00	1
84 bd ff	1
84 c0 75	1
84 db 84	1
84 ef ff	1
85 00 fe	1
85 02 00	1
85 09 00	1
85 0a 00	1
85 10 fd	1
85 10 ff	1
85 12 05	1
85 13 fd	1
85 18 ff	1
85 1b ff	1
85 30 fc	1
85 30 ff	1
85 33 00	1
85 40 fd	1
85 48 fd	1
85 48 ff	1
85 58 40	1
85 70 fd	1
85 70 fe	1
85 78 f6	1
85 78 ff	1
85 90 f6	1
85 98 fe	1
85 a0 fe	1
85 ac fe	1
85 b0 fe	1
85 b4 fe	1
85 b5 fd	1
85 c0 0f	1
85 c0 75	1
85 c9 74	1
85 cf fd	1
85 d0 fd	1
85 d2 74	1
85 d8 fe	1
85 df fd	1
85 e0 fd	1
85 e2 ff	1
85 ed 74	1
85 ef fd	1
85 f0 fc	1
85 f0 fd	1
85 f0 fe	1
85 ff fd	1
86 00 00	1
86 06 48	1
86 13 00	1
86 13 40	1
86 14 40	1
86 15 40	1
86 55 40	1
86 5f 40	1
86 61 40	1
86 a8 ff	1
86 ae ff	1
86 bd ff	1
86 d0 ff	1
86 d2 ff	1
87 01 e9	1
87 12 00	1
87 56 40	1
88 04 00	1
88 0a 00	1
88 0c 00	1
88 0f 00	1
88 10 00	1
88 12 00	1
88 17 00	1
88 19 00	1
88 1b 00	1
88 1d 00	1
88 48 8b	1
88 90 60	1
88 91 60	1
88 ee ff	1
88 f2 ff	1
88 f9 ff	1
88 fb ff	1
88 fe ff	1
89 00 00	1
89 01 48	1
89 1b 00	1
89 2d 00	1
89 34 24	1
89 42 20	1
89 42 30	1
89 42 40	1
89 42 50	1
89 45 80	1
89 45 90	1
89 45 a4	1
89 45 d8	1
89 4d e4	1
89 4d ec	1
89 4d f8	1
89 50 04	1
89 50 0c	1
89 50 14	1
89 50 18	1
89 50 1c	1
89 55 c0	1
89 5c 24	1
89 5c 40	1
89 63 40	1
89 75 b0	1
89 7d b8	1
89 7d e0	1
89 7d fc	1
89 85 30	1
89 85 48	1
89 85 6c	1
89 85 c0	1
89 85 d0	1
89 85 e0	1
89 85 e8	1
89 85 f0	1
89 95 38	1
89 9d 20	1
89 9d 28	1
89 9d 30	1
89 9d 3c	1
89 9d 40	1
89 b5 40	1
89 bd 30	1
89 bd 8c	1
89 c5 48	1
89 d1 ba	1
89 d7 e8	1
89 d8 e9	1
89 d9 48	1
89 de 4c	1
89 e1 48	1
89 e2 4c	1
89 e2 89	1
89 e3 e9	1
89 e5 5d	1
89 e5 be	1
89 f6 41	1
89 f6 44	1
8a 01 d5	1
8a 01 e9	1
8a 01 fd	1
8a 06 05	1
8a 2f 00	1
8a 7b 20	1
8a 7c 20	1
8a b9 ff	1
8a dc ff	1
8a e1 ff	1
8a e2 ff	1
8a e3 ff	1
8a fe ff	1
8b 00 8b	1
8b 00 c9	1
8b 01 e7	1
8b 05 05	1
8b 08 48	1
8b 10 48	1
8b 17 00	1
8b 18 48	1
8b 1b 3e	1
8b 30 48	1
8b 33 00	1
8b 40 0c	1
8b 45 98	1
8b 4d 98	1
8b 4d d0	1
8b 4d e8	1
8b 55 80	1
8b 55 88	1
8b 55 b0	1
8b 58 08	1
8b 65 d0	1
8b 65 d8	1
8b 85 20	1
8b 85 28	1
8b 85 30	1
8b 85 38	1
8b 85 6c	1
8b 85 80	1
8b 8d 40	1
8b 95 38	1
8b 95 48	1
8b 95 50	1
8b 95 60	1
8b 95 70	1
8b 95 90	1
8b 9d 40	1
8b 9d 70	1
8b 9d 78	1
8b 9d a0	1
8b 9d ac	1
8b 9d bc	1
8b a5 b8	1
8b b5 80	1
8b b5 a8	1
8c 05 83	1
8c 06 83	1
8c 0a 00	1
8c 11 00	1
8c 11 3e	1
8c 12 00	1
8c 13 00	1
8c 14 00	1
8c 19 00	1
8c 1a 00	1
8c d3 ff	1
8c d7 ff	1
8c de ff	1
8d 00 00	1
8d 00 ff	1
8d 02 00	1
8d 03 00	1
8d 04 45	1
8d 04 8c	1
8d 05 00	1
8d 05 8c	1
8d 07 05	1
8d 0c 02	1
8d 10 fe	1
8d 11 00	1
8d 1f 00	1
8d 20 fe	1
8d 20 ff	1
8d 25 28	1
8d 2d 38	1
8d 30 fc	1
8d 3c fc	1
8d 40 fe	1
8d 40 ff	1
8d 45 80	1
8d 45 d0	1
8d 4d 80	1
8d 4d 90	1
8d 4d a0	1
8d 50 fe	1
8d 55 b0	1
8d 55 e0	1
8d 55 f0	1
8d 60 08	1
8d 60 fe	1
8d 60 ff	1
8d 68 08	1
8d 68 fe	1
8d 85 0f	1
8d 85 44	1
8d 85 4c	1
8d 85 58	1
8d 85 68	1
8d 85 6c	1
8d 85 78	1
8d 85 88	1
8d 85 98	1
8d 85 a4	1
8d 85 a8	1
8d 85 b8	1
8d 85 bc	1
8d 85 de	1
8d 85 ee	1
8d 85 fe	1
8d 88 fe	1
8d 8d 10	1
8d 8d 30	1
8d 8d 50	1
8d 8d 80	1
8d 8d a0	1
8d 8d b0	1
8d 8d c0	1
8d 8d f0	1
8d 95 0f	1
8d 95 30	1
8d 95 50	1
8d 95 70	1
8d 95 d0	1
8d 95 de	1
8d 95 ee	1
8d 95 fe	1
8d a5 d8	1
8d c0 fe	1
8d d0 fe	1
8d e0 fe	1
8e 02 00	1
8e 03 8d	1
8e 04 8d	1
8e 0f 00	1
8e 20 00	1
8e c4 ff	1
8e d7 ff	1
8e db ff	1
8e f4 ff	1
8e f7 ff	1
8f 02 45	1
8f 03 46	1
8f 03 8e	1
8f 07 00	1
90 00 00	1
90 01 07	1
90 07 00	1
90 09 00	1
90 0b 00	1
90 0d 00	1
90 0e 00	1
90 13 00	1
90 14 00	1
90 19 00	1
90 1a 00	1
90 30 00	1
90 67 40	1
90 90 60	1
90 91 60	1
90 bb 00	1
90 e2 ff	1
90 ff ff	1
91 05 00	1
91 12 88	1
91 29 00	1
91 45 40	1
91 e2 ff	1
92 08 00	1
92 15 00	1
92 2a 40	1
92 7b 20	1
92 7c 20	1
92 c1 ff	1
92 d1 ff	1
92 d7 ff	1
92 de ff	1
92 ec ff	1
92 fc ff	1
93 1a 05	1
93 dd ff	1
94 00 00	1
94 03 00	1
94 0d 00	1
94 0e 00	1
94 21 00	1
94 24 00	1
94 62 40	1
94 b4 ff	1
94 d6 ff	1
94 d7 ff	1
94 ef ff	1
94 f5 ff	1
95 00 fe	1
95 20 ff	1
95 28 ff	1
95 30 fc	1
95 30 ff	1
95 40 fc	1
95 40 ff	1
95 48 fc	1
95 48 ff	1
95 50 fd	1
95 50 ff	1
95 5a 40	1
95 60 ff	1
95 90 fe	1
95 b0 fe	1
95 c0 84	1
95 c0 fc	1
95 cf fd	1
95 d0 fd	1
95 df fd	1
95 e0 fd	1
95 e0 fe	1
95 ef fd	1
95 f0 fd	1
95 f0 fe	1
95 ff fd	1
96 13 40	1
96 14 40	1
96 15 40	1
96 1a 05	1
96 4d 40	1
96 c2 ff	1
96 d7 ff	1
96 e2 ff	1
97 10 05	1
97 26 05	1
97 63 40	1
97 fa ff	1
98 02 00	1
98 09 00	1
98 15 00	1
98 90 60	1
98 91 00	1
98 d7 ff	1
98 fc ff	1
99 01 00	1
99 02 00	1
99 04 00	1
99 05 05	1
99 06 05	1
9a 02 00	1
9a 03 00	1
9a 0b 00	1
9a 16 00	1
9a 16 05	1
9a 18 00	1
9a 1c 00	1
9a 7b 20	1
9a 7c 20	1
9a d4 ff	1
9a dc ff	1
9a f1 ff	1
9a ff ff	1
9b 0c 05	1
9c 00 00	1
9c 03 00	1
9c 04 05	1
9c 08 00	1
9c 0b 00	1
9c 0f 00	1
9c a8 ff	1
9c b5 ff	1
9c e1 ff	1
9c e2 ff	1
9c e4 ff	1
9c fc ff	1
9d 00 00	1
9d 2e 00	1
9d 30 fc	1
9d 32 00	1
9d 70 ff	1
9d 78 ff	1
9e 08 00	1
9e db ff	1
9e e1 ff	1
9e ed ff	1
9f c1 ff	1
9f e3 ff	1
a0 00 00	1
a0 03 d5	1
a0 06 00	1
a0 08 00	1
a0 0b 00	1
a0 0e 00	1
a0 11 00	1
a0 16 00	1
a0 16 40	1
a0 24 00	1
a0 48 8d	1
a0 90 60	1
a0 d4 ff	1
a0 d7 ff	1
a0 de ff	1
a0 e4 ff	1
a0 fd ff	1
a0 ff ff	1
a1 1e 00	1
a1 31 00	1
a2 00 00	1
a2 51 40	1
a2 62 40	1
a2 7b 20	1
a2 7c 20	1
a2 ad ff	1
a2 c1 ff	1
a2 d9 ff	1
a2 f6 ff	1
a3 05 01	1
a3 18 00	1
a3 2c 00	1
a3 45 40	1
a3 5c 40	1
a4 00 00	1
a4 00 75	1
a4 01 75	1
a4 02 00	1
a4 02 e7	1
a4 06 00	1
a4 09 00	1
a4 0c 00	1
a4 10 00	1
a4 15 00	1
a4 1a 00	1
a4 25 00	1
a4 48 8d	1
a4 4d 40	1
a4 d8 ff	1
a4 e3 ff	1
a4 f3 ff	1
a4 fe ff	1
a5 08 05	1
a5 1a 3e	1
a5 25 05	1
a5 e8 fe	1
a6 01 00	1
a6 04 00	1
a6 07 05	1
a6 10 3e	1
a6 13 40	1
a6 14 40	1
a6 15 40	1
a6 26 00	1
a6 fc ff	1
a7 05 00	1
a7 0a 00	1
a7 27 05	1
a7 59 40	1
a7 c1 ff	1
a8 05 b7	1
a8 0b 00	1
a8 0c 00	1
a8 0f 00	1
a8 10 00	1
a8 12 00	1
a8 17 00	1
a8 18 00	1
a8 19 00	1
a8 2a 00	1
a8 5f 40	1
a8 90 60	1
a8 9a 00	1
a8 aa ff	1
a8 ae ff	1
a8 ba 64	1
a8 e1 ff	1
a8 e5 ff	1
a8 f8 ff	1
a9 16 8a	1
a9 48 40	1
aa 00 00	1
aa 02 00	1
aa 0c 8a	1
aa 7b 20	1
aa 7c 20	1
aa de ff	1
aa f3 ff	1
ab 00 00	1
ab 01 e7	1
ab 05 45	1
ab 0b 00	1
ab 0d 05	1
ab ff ff	1
ac 05 00	1
ac 09 00	1
ac 0a 00	1
ac 11 00	1
ac 12 00	1
ac 13 00	1
ac 14 00	1
ac 49 40	1
ac 55 40	1
ac e2 ff	1
ac f4 ff	1
ac fe ff	1
ad 05 00	1
ad 30 fc	1
ad b4 fe	1
ae 00 00	1
ae 06 00	1
ae 11 05	1
ae 14 00	1
ae 2d 40	1
ae e1 ff	1
ae e3 ff	1
ae f5 ff	1
af 04 00	1
af 0d 00	1
af ff ff	1
b0 01 00	1
b0 08 00	1
b0 09 00	1
b0 0b 00	1
b0 0d 00	1
b0 13 00	1
b0 14 00	1
b0 19 05	1
b0 1a 00	1
b0 30 00	1
b0 48 83	1
b0 51 40	1
b0 90 60	1
b0 92 60	1
b0 d3 ff	1
b0 de ff	1
b0 f2 0f	1
b1 02 00	1
b1 04 00	1
b1 0f 05	1
b1 2e 00	1
b1 63 40	1
b1 ff ff	1
b2 01 00	1
b2 0b 00	1
b2 11 00	1
b2 19 00	1
b2 23 00	1
b2 7b 20	1
b2 7c 20	1
b2 e4 ff	1
b2 ef ff	1
b2 fa ff	1
b3 09 00	1
b3 20 00	1
b3 d4 ff	1
b4 00 00	1
b4 01 00	1
b4 02 00	1
b4 03 00	1
b4 06 00	1
b4 07 00	1
b4 0d 00	1
b4 0e 00	1
b4 13 00	1
b4 20 09	1
b4 25 05	1
b4 bb ff	1
b4 d4 ff	1
b4 e6 ff	1
b5 07 05	1
b5 30 fc	1
b5 80 f6	1
b5 bb ff	1
b5 fb ff	1
b6 00 00	1
b6 0b 00	1
b6 13 40	1
b6 14 40	1
b6 15 40	1
b6 18 00	1
b6 ce ff	1
b6 e0 ff	1
b6 e2 ff	1
b6 f2 ff	1
b6 f8 ff	1
b7 01 e7	1
b7 0c 00	1
b7 0c 07	1
b7 22 00	1
b7 30 00	1
b7 32 00	1
b7 5b 40	1
b7 df ff	1
b7 fc ff	1
b8 05 05	1
b8 07 00	1
b8 15 00	1
b8 4c 40	1
b8 90 60	1
b8 a0 91	1
b8 a7 91	1
b8 ad ff	1
b8 d3 ff	1
b8 e4 ff	1
b8 f5 ff	1
b9 02 00	1
b9 02 05	1
b9 03 05	1
b9 12 00	1
b9 2c 00	1
ba 07 00	1
ba 08 00	1
ba 0b 00	1
ba 0d ab	1
ba 18 68	1
ba 2f 00	1
ba 4a 00	1
ba 55 40	1
ba 60 40	1
ba 64 68	1
ba 7b 20	1
ba 7c 20	1
ba de ff	1
bb 00 00	1
bb 01 00	1
bb 1f 00	1
bb 26 05	1
bb c1 ff	1
bc 04 00	1
bc 08 00	1
bc 0b 00	1
bc 0f 00	1
bc bb ff	1
bc cb ff	1
bc ee ff	1
bd 11 32	1
bd 13 00	1
bd 26 00	1
bd 48 fc	1
bd a4 fe	1
bd ff ff	1
be 03 00	1
be 34 68	1
be 4e 68	1
be 5b cc	1
be 5e 40	1
be 60 68	1
be b8 92	1
be c2 ff	1
be de ff	1
be e1 ff	1
be e2 ff	1
be e3 ff	1
be ff ff	1
bf 00 00	1
bf 01 00	1
bf 0e 00	1
bf 19 3e	1
bf 60 14	1
bf 66 40	1
bf b4 92	1
bf f7 ff	1
bf ff ff	1
c0 00 00	1
c0 01 00	1
c0 03 00	1
c0 05 00	1
c0 06 00	1
c0 0e 00	1
c0 0f 3e	1
c0 0f 95	1
c0 11 00	1
c0 16 00	1
c0 2a 40	1
c0 48 83	1
c0 48 c7	1
c0 74 35	1
c0 74 38	1
c0 74 39	1
c0 74 f4	1
c0 90 60	1
c0 92 60	1
c0 b8 00	1
c0 d2 ff	1
c0 f6 ff	1
c0 fa ff	1
c0 fd ff	1
c0 ff ff	1
c1 10 00	1
c1 48 85	1
c1 90 67	1
c1 d4 ff	1
c1 f2 0f	1
c1 ff ff	1
c2 02 00	1
c2 08 0f	1
c2 18 89	1
c2 29 00	1
c2 2b 00	1
c2 57 40	1
c2 73 06	1
c2 7b 20	1
c2 7c 20	1
c2 af ff	1
c2 bb ff	1
c2 e1 ff	1
c2 f6 ff	1
c2 fa ff	1
c2 ff ff	1
c3 17 00	1
c3 25 05	1
c3 33 00	1
c3 66 2e	1
c3 66 66	1
c3 b8 00	1
c3 e8 38	1
c3 e8 8e	1
c3 eb 17	1
c4 00 00	1
c4 01 00	1
c4 02 00	1
c4 04 00	1
c4 05 00	1
c4 06 00	1
c4 07 00	1
c4 08 5b	1
c4 08 c3	1
c4 0f 00	1
c4 10 00	1
c4 10 5b	1
c4 15 00	1
c4 20 5b	1
c4 2c 40	1
c4 48 89	1
c4 51 00	1
c4 60 5b	1
c4 64 40	1
c4 70 09	1
c4 c8 03	1
c4 d5 ff	1
c4 d7 ff	1
c4 de ff	1
c4 f9 ff	1
c5 02 00	1
c5 19 00	1
c5 2b 00	1
c6 04 00	1
c6 13 40	1
c6 14 40	1
c6 15 40	1
c6 18 00	1
c6 4c 40	1
c6 62 40	1
c6 bf 10	1
c6 f3 ff	1
c6 fe ff	1
c6 ff ff	1
c7 07 00	1
c7 40 04	1
c7 40 0c	1
c7 40 14	1
c7 40 1c	1
c7 45 d0	1
c7 45 d4	1
c7 45 e0	1
c7 45 e8	1
c7 85 40	1
c7 85 44	1
c7 85 48	1
c7 85 4c	1
c7 85 50	1
c7 85 58	1
c7 85 60	1
c7 85 6c	1
c7 bb ff	1
c7 c0 00	1
c7 c7 b4	1
c7 dc ff	1
c7 e8 01	1
c7 e8 04	1
c7 e8 10	1
c7 e8 13	1
c7 e8 1a	1
c7 e8 1c	1
c7 e8 1d	1
c7 e8 25	1
c7 e8 2c	1
c7 e8 34	1
c7 e8 36	1
c7 e8 3a	1
c7 e8 3f	1
c7 e8 47	1
c7 e8 4e	1
c7 e8 58	1
c7 e8 5a	1
c7 e8 5c	1
c7 e8 6a	1
c7 e8 70	1
c7 e8 71	1
c7 e8 74	1
c7 e8 78	1
c7 e8 79	1
c7 e8 82	1
c7 e8 85	1
c7 e8 8a	1
c7 e8 8c	1
c7 e8 8d	1
c7 e8 8e	1
c7 e8 91	1
c7 e8 94	1
c7 e8 96	1
c7 e8 9e	1
c7 e8 a3	1
c7 e8 a6	1
c7 e8 a7	1
c7 e8 ad	1
c7 e8 b9	1
c7 e8 ba	1
c7 e8 bd	1
c7 e8 d2	1
c7 e8 d4	1
c7 e8 d8	1
c7 e8 e3	1
c7 e8 e8	1
c7 e8 ea	1
c7 e8 f2	1
c7 e8 f4	1
c7 e8 f5	1
c7 e8 f8	1
c7 e8 fc	1
c7 ff ff	1
c8 02 88	1
c8 03 00	1
c8 06 00	1
c8 09 05	1
c8 0c 00	1
c8 10 00	1
c8 12 00	1
c8 17 00	1
c8 18 00	1
c8 19 00	1
c8 4c 8b	1
c8 90 60	1
c8 91 00	1
c8 d2 ff	1
c8 d3 ff	1
c8 dd ff	1
c8 f8 ff	1
c9 2a 00	1
c9 74 12	1
c9 7b 20	1
ca 05 00	1
ca 06 00	1
ca 17 00	1
ca 7b 20	1
ca 7c 20	1
ca db ff	1
ca df ff	1
ca e1 ff	1
ca e2 ff	1
ca ee ff	1
cb 27 05	1
cb cd 11	1
cb ff ff	1
cc 01 00	1
cc 03 00	1
cc 03 0c	1
cc 08 00	1
cc 0c 00	1
cc 11 00	1
cc 12 00	1
cc 13 00	1
cc 25 00	1
cc 32 00	1
cc 38 b4	1
cc 45 40	1
cc 58 40	1
cc d6 ff	1
cc f1 ff	1
cc ff ff	1
cd 4d 40	1
cd d7 ff	1
ce 05 00	1
ce 05 45	1
ce 0b 00	1
ce 0c 05	1
ce 15 00	1
ce dd ff	1
ce e1 ff	1
ce ed ff	1
ce f5 ff	1
ce f8 ff	1
ce ff ff	1
cf 24 00	1
cf c1 ff	1
d0 00 00	1
d0 01 05	1
d0 02 00	1
d0 09 00	1
d0 13 00	1
d0 14 00	1
d0 21 00	1
d0 48 d1	1
d0 4c 89	1
d0 4c 8b	1
d0 5c 53	1
d0 5d e9	1
d0 75 d1	1
d0 8b 00	1
d0 90 60	1
d0 bb ff	1
d0 dd ff	1
d0 e8 7a	1
d0 e8 7e	1
d1 01 00	1
d1 30 00	1
d1 48 8b	1
d1 5e 48	1
d1 ba 00	1
d1 f8 75	1
d2 02 00	1
d2 03 05	1
d2 1e 00	1
d2 25 05	1
d2 7b 20	1
d2 df ff	1
d2 e1 ff	1
d2 e3 ff	1
d2 fb ff	1
d3 07 4c	1
d3 97 03	1
d3 af 6b	1
d3 bb ff	1
d4 00 00	1
d4 01 00	1
d4 01 48	1
d4 03 00	1
d4 06 05	1
d4 07 00	1
d4 0d 00	1
d4 0e 00	1
d4 48 8b	1
d4 5f 40	1
d4 62 40	1
d4 7c 20	1
d4 b4 ff	1
d4 d5 ff	1
d4 e1 ff	1
d4 fa ff	1
d4 ff ff	1
d5 02 00	1
d5 04 05	1
d5 1c 05	1
d5 41 54	1
d5 4c 14	1
d6 02 00	1
d6 07 00	1
d6 12 05	1
d6 13 40	1
d6 14 40	1
d6 15 40	1
d6 27 00	1
d6 89 c7	1
d6 d7 ff	1
d6 d8 ff	1
d6 e1 ff	1
d6 e5 ff	1
d6 f8 ff	1
d6 ff ff	1
d7 02 00	1
d7 08 05	1
d7 09 8b	1
d7 13 00	1
d7 26 00	1
d7 65 40	1
d7 e8 9a	1
d7 e8 a4	1
d7 ff ff	1
d8 01 48	1
d8 14 00	1
d8 18 00	1
d8 48 3b	1
d8 4c 89	1
d8 54 40	1
d8 5d c3	1
d8 6d 00	1
d8 8b 00	1
d8 90 60	1
d8 c6 45	1
d8 d4 ff	1
d8 e1 ff	1
d8 e5 ff	1
d8 ec ff	1
d8 f6 ff	1
d8 fe ff	1
d9 03 00	1
d9 0e 00	1
d9 14 05	1
d9 17 00	1
d9 48 89	1
d9 f7 ff	1
da 09 00	1
da 30 00	1
da 7b 20	1
da ca ff	1
da d7 ff	1
da df ff	1
da e1 ff	1
da f5 ff	1
db 90 48	1
db ff ff	1
dc 00 0f	1
dc 00 75	1
dc 01 00	1
dc 02 82	1
dc 08 00	1
dc 0c 07	1
dc 0f 00	1
dc 48 83	1
dc 5a 40	1
dc 60 40	1
dc b5 ff	1
dc dc ff	1
dc e1 ff	1
dc e2 ff	1
dc f3 ff	1
dc f6 ff	1
dd 0c 35	1
dd 29 40	1
dd 48 8d	1
dd 61 40	1
dd c1 ff	1
dd c9 c3	1
dd fd ff	1
de 00 00	1
de 04 00	1
de 51 40	1
de 58 40	1
de e1 ff	1
de f1 ff	1
de f7 ff	1
df 01 05	1
df 16 00	1
df 26 05	1
df bb ff	1
df e0 ff	1
df e8 20	1
df e8 36	1
df e8 52	1
df e8 70	1
df e8 86	1
df e8 96	1
df e8 9a	1
df e8 f8	1
e0 01 00	1
e0 05 00	1
e0 06 00	1
e0 08 00	1
e0 0a 00	1
e0 0b 00	1
e0 0e 00	1
e0 0f 1f	1
e0 11 00	1
e0 15 00	1
e0 16 00	1
e0 47 40	1
e0 48 83	1
e0 48 c1	1
e0 5e 40	1
e0 89 c7	1
e0 8b 45	1
e0 90 60	1
e0 ce ff	1
e0 e1 ff	1
e0 e4 ff	1
e0 eb 6a	1
e0 ef ff	1
e1 03 05	1
e1 0c 00	1
e1 1f 00	1
e1 25 05	1
e1 28 00	1
e1 48 89	1
e2 00 00	1
e2 01 00	1
e2 04 48	1
e2 0f 1f	1
e2 18 40	1
e2 1b 05	1
e2 48 83	1
e2 63 40	1
e2 7b 20	1
e2 dd ff	1
e2 e5 ff	1
e2 ee ff	1
e3 0b 00	1
e3 11 05	1
e3 e9 82	1
e3 e9 be	1
e3 eb 1f	1
e4 00 00	1
e4 02 00	1
e4 04 00	1
e4 05 00	1
e4 06 00	1
e4 0b 00	1
e4 0c 00	1
e4 10 00	1
e4 23 00	1
e4 89 55	1
e4 f2 0f	1
e4 f8 ff	1
e4 fb ff	1
e5 0c 07	1
e5 14 a4	1
e5 77 02	1
e5 be ff	1
e5 e8 7e	1
e5 ff d0	1
e6 04 00	1
e6 06 00	1
e6 13 40	1
e6 14 40	1
e6 15 40	1
e6 22 00	1
e6 48 40	1
e6 d3 ff	1
e6 e4 ff	1
e6 f3 ff	1
e7 1c 00	1
e7 25 00	1
e8 00 75	1
e8 01 d0	1
e8 01 e9	1
e8 02 fe	1
e8 03 cf	1
e8 03 d8	1
e8 03 f8	1
e8 04 03	1
e8 05 e5	1
e8 05 f1	1
e8 07 df	1
e8 08 08	1
e8 09 03	1
e8 09 f2	1
e8 0b e2	1
e8 0c 00	1
e8 0d 00	1
e8 0d 09	1
e8 0f 00	1
e8 0f 01	1
e8 0f 0a	1
e8 0f 0b	1
e8 0f f6	1
e8 0f fa	1
e8 10 ff	1
e8 11 00	1
e8 12 00	1
e8 13 02	1
e8 15 19	1
e8 17 00	1
e8 17 03	1
e8 17 06	1
e8 17 dc	1
e8 17 e9	1
e8 18 00	1
e8 18 eb	1
e8 19 00	1
e8 19 da	1
e8 19 dc	1
e8 1b 0a	1
e8 1b e0	1
e8 1d e4	1
e8 1d f4	1
e8 1f 0a	1
e8 1f 0b	1
e8 1f 0c	1
e8 23 04	1
e8 23 0d	1
e8 23 c6	1
e8 23 ca	1
e8 23 d1	1
e8 28 ff	1
e8 29 d0	1
e8 2a 03	1
e8 2b 0a	1
e8 2d f5	1
e8 2d fa	1
e8 2f 0c	1
e8 2f de	1
e8 2f fa	1
e8 2f fc	1
e8 30 fe	1
e8 31 02	1
e8 31 05	1
e8 31 0a	1
e8 31 e2	1
e8 31 e3	1
e8 33 f9	1
e8 34 de	1
e8 34 ed	1
e8 35 d3	1
e8 37 fe	1
e8 39 06	1
e8 39 f3	1
e8 3b 03	1
e8 3b 06	1
e8 3b de	1
e8 3b e9	1
e8 3d c1	1
e8 3d d0	1
e8 3d d7	1
e8 3d e9	1
e8 3d f4	1
e8 3d fa	1
e8 3d fe	1
e8 3f dc	1
e8 3f e4	1
e8 3f ef	1
e8 3f f7	1
e8 41 e0	1
e8 41 e5	1
e8 43 08	1
e8 43 e8	1
e8 44 89	1
e8 48 29	1
e8 49 e1	1
e8 4a 07	1
e8 4c 89	1
e8 4c ff	1
e8 4d ab	1
e8 4d d1	1
e8 4d ed	1
e8 4d f5	1
e8 4e 07	1
e8 4f e4	1
e8 50 02	1
e8 51 07	1
e8 51 fa	1
e8 51 fc	1
e8 53 f9	1
e8 55 b3	1
e8 57 0a	1
e8 59 0a	1
e8 59 e8	1
e8 5b f0	1
e8 5b fe	1
e8 5d af	1
e8 5d e5	1
e8 5d f6	1
e8 5f 02	1
e8 61 04	1
e8 61 19	1
e8 63 d4	1
e8 65 e1	1
e8 65 fb	1
e8 67 e0	1
e8 69 d8	1
e8 69 e0	1
e8 69 e4	1
e8 69 f0	1
e8 69 f4	1
e8 6b e8	1
e8 6c 09	1
e8 6d ef	1
e8 6d f5	1
e8 6d fb	1
e8 6f 01	1
e8 6f 0e	1
e8 6f e3	1
e8 71 cc	1
e8 71 fa	1
e8 73 02	1
e8 73 f2	1
e8 75 f7	1
e8 77 d3	1
e8 77 e5	1
e8 77 f0	1
e8 79 07	1
e8 79 08	1
e8 79 e5	1
e8 79 e6	1
e8 7b d1	1
e8 7c ff	1
e8 7d b1	1
e8 7d e2	1
e8 7d e8	1
e8 7d f4	1
e8 7d f6	1
e8 7f 08	1
e8 7f 0a	1
e8 7f ff	1
e8 81 0c	1
e8 82 05	1
e8 83 09	1
e8 83 c2	1
e8 84 02	1
e8 87 06	1
e8 87 e5	1
e8 8b 03	1
e8 8b dc	1
e8 8b ec	1
e8 8d 00	1
e8 8d e0	1
e8 8f 05	1
e8 8f f1	1
e8 8f fb	1
e8 90 60	1
e8 91 18	1
e8 91 e1	1
e8 91 ee	1
e8 92 00	1
e8 93 07	1
e8 95 dc	1
e8 97 03	1
e8 97 04	1
e8 97 08	1
e8 97 09	1
e8 97 0d	1
e8 97 e9	1
e8 99 10	1
e8 99 e1	1
e8 9b 00	1
e8 9b ef	1
e8 9d b3	1
e8 9d e0	1
e8 9d e6	1
e8 9d f5	1
e8 9d f6	1
e8 9f 0b	1
e8 a0 08	1
e8 a0 09	1
e8 a1 d0	1
e8 a1 de	1
e8 a1 f9	1
e8 a3 0a	1
e8 a3 e3	1
e8 a5 02	1
e8 a5 d0	1
e8 a5 e4	1
e8 a7 09	1
e8 a9 03	1
e8 a9 d1	1
e8 ab 05	1
e8 ab 0a	1
e8 ab c4	1
e8 ab f8	1
e8 ad 03	1
e8 af dd	1
e8 af f1	1
e8 af f3	1
e8 b0 ff	1
e8 b1 10	1
e8 b1 d2	1
e8 b3 04	1
e8 b3 e3	1
e8 b5 d0	1
e8 b5 e6	1
e8 b7 18	1
e8 b7 db	1
e8 b9 d0	1
e8 b9 ee	1
e8 bb 05	1
e8 bb 0b	1
e8 bd 04	1
e8 bd 05	1
e8 bd 0a	1
e8 c1 cf	1
e8 c1 f1	1
e8 c3 02	1
e8 c3 f4	1
e8 c4 03	1
e8 c7 06	1
e8 c7 e4	1
e8 c7 fd	1
e8 c9 04	1
e8 c9 ef	1
e8 c9 f5	1
e8 ca 08	1
e8 cb 01	1
e8 cb cb	1
e8 cb d6	1
e8 cb da	1
e8 cb dc	1
e8 cd 08	1
e8 cd c7	1
e8 cd d0	1
e8 cd e3	1
e8 ce 0a	1
e8 cf 0c	1
e8 cf d8	1
e8 cf f0	1
e8 d3 05	1
e8 d3 f9	1
e8 d5 dd	1
e8 d7 d3	1
e8 d9 cf	1
e8 d9 fc	1
e8 db 02	1
e8 db e4	1
e8 db ee	1
e8 dd 05	1
e8 dd 0b	1
e8 dd e5	1
e8 df 01	1
e8 df f4	1
e8 df fa	1
e8 e1 bf	1
e8 e1 d0	1
e8 e3 08	1
e8 e3 f7	1
e8 e3 ff	1
e8 e5 f0	1
e8 e7 0e	1
e8 e7 18	1
e8 e7 ce	1
e8 e7 e6	1
e8 eb 33	1
e8 eb ca	1
e8 eb df	1
e8 eb e3	1
e8 eb e4	1
e8 eb f0	1
e8 ed cf	1
e8 ef 0b	1
e8 ef f5	1
e8 ef f7	1
e8 ef f8	1
e8 f1 dc	1
e8 f1 f8	1
e8 f3 c4	1
e8 f3 d2	1
e8 f3 e0	1
e8 f4 ff	1
e8 f5 d0	1
e8 f5 d3	1
e8 f7 ef	1
e8 f7 fd	1
e8 f9 02	1
e8 fb 06	1
e8 fb e9	1
e8 fb fb	1
e8 fd 05	1
e8 fd de	1
e8 fd f3	1
e9 00 03	1
e9 27 01	1
e9 2a 03	1
e9 2d 01	1
e9 38 02	1
e9 41 02	1
e9 44 89	1
e9 4a 01	1
e9 4c 89	1
e9 50 02	1
e9 54 03	1
e9 6b 03	1
e9 6f 01	1
e9 72 03	1
e9 73 ff	1
e9 7b ff	1
e9 83 00	1
e9 93 00	1
e9 95 01	1
e9 96 00	1
e9 97 02	1
e9 9d 00	1
e9 a4 01	1
e9 aa 02	1
e9 b1 02	1
e9 cb 00	1
e9 d1 00	1
e9 eb 01	1
e9 f0 00	1
e9 f9 00	1
e9 fe 01	1
e9 ff 00	1
ea 05 00	1
ea 18 48	1
ea 31 00	1
ea 3f 48	1
ea 4c 89	1
ea 59 40	1
ea 7b 20	1
ea d6 ff	1
ea dd ff	1
eb 02 00	1
eb 0e 48	1
eb 11 00	1
eb 13 00	1
eb 14 48	1
eb 19 48	1
eb 1d 48	1
eb 24 83	1
eb 25 48	1
eb 33 48	1
eb 36 48	1
eb 37 48	1
eb 4a 48	1
eb 5e 48	1
eb 72 48	1
eb ff ff	1
ec 02 00	1
ec 08 e8	1
ec 09 00	1
ec 0a 00	1
ec 0c 00	1
ec 10 89	1
ec 11 00	1
ec 12 00	1
ec 13 00	1
ec 27 00	1
ec 40 48	1
ec 44 89	1
ec 4a 40	1
ec da ff	1
ec e1 ff	1
ec ee ff	1
ec ff ff	1
ed 03 00	1
ee 04 05	1
ee 08 00	1
ee 48 89	1
ee 5a 40	1
ee 5d 40	1
ee 5e 40	1
ee 62 40	1
ef 00 00	1
f0 01 84	1
f0 04 00	1
f0 13 00	1
f0 25 05	1
f0 2c 00	1
f0 2d 00	1
f0 48 b8	1
f0 50 54	1
f0 75 dd	1
f0 8d 00	1
f0 90 60	1
f0 d4 ff	1
f0 d7 ff	1
f0 e1 ff	1
f0 eb 04	1
f1 05 05	1
f1 17 00	1
f1 1b 4d	1
f1 29 00	1
f2 0f 5c	1
f2 11 4d	1
f2 45 40	1
f2 7b 20	1
f2 df ff	1
f2 e2 ff	1
f2 f8 ff	1
f3 01 00	1
f3 13 00	1
f3 48 8d	1
f3 c3 0f	1
f3 c3 66	1
f4 01 00	1
f4 03 00	1
f4 06 00	1
f4 07 00	1
f4 08 8a	1
f4 09 28	1
f4 0d 00	1
f4 14 00	1
f4 48 8b	1
f4 5d bf	1
f4 89 10	1
f4 89 55	1
f4 89 d6	1
f4 db ff	1
f4 e0 ff	1
f4 f4 ff	1
f4 fc ff	1
f5 02 00	1
f5 15 00	1
f5 1c a0	1
f5 fe ff	1
f6 08 00	1
f6 12 87	1
f6 13 40	1
f6 14 40	1
f6 15 40	1
f6 17 40	1
f6 29 00	1
f6 57 40	1
f6 da ff	1
f7 04 00	1
f7 28 00	1
f7 48 40	1
f8 00 00	1
f8 03 48	1
f8 09 00	1
f8 09 d0	1
f8 0d 00	1
f8 0e 48	1
f8 10 00	1
f8 10 48	1
f8 14 00	1
f8 18 00	1
f8 21 d0	1
f8 48 3b	1
f8 83 7d	1
f8 89 02	1
f8 89 75	1
f8 8b 00	1
f8 8f 00	1
f8 90 60	1
f8 cf ff	1
f8 dd ff	1
f8 df ff	1
f8 e2 ff	1
f8 f2 0f	1
f9 1b 00	1
f9 1d 00	1
f9 2e 00	1
fa 0d 00	1
fa 11 00	1
fa 16 00	1
fa 5b 40	1
fa 7b 20	1
fa ca ff	1
fa d1 ff	1
fa da ff	1
fa f8 ff	1
fb 10 00	1
fb 19 00	1
fb 24 00	1
fb 30 00	1
fc 01 00	1
fc 02 00	1
fc 04 00	1
fc 0f 00	1
fc 19 00	1
fc 1a 05	1
fc 20 00	1
fc 2b 00	1
fc 31 00	1
fc 5d c3	1
fc 63 40	1
fc 89 75	1
fc ea ff	1
fc eb ff	1
fc ec ff	1
fc ed ff	1
fc ef ff	1
fc f1 ff	1
fc f3 ff	1
fc f5 ff	1
fc f7 d0	1
fc f8 ff	1
fc fa ff	1
fc fc ff	1
fc fe ff	1
fd 00 00	1
fd 03 3a	1
fd 03 48	1
fd 04 05	1
fd 10 05	1
fd 2c 00	1
fd de ff	1
fd ef ff	1
fe 05 00	1
fe d0 ff	1
fe d9 ff	1
fe da ff	1
fe e8 ff	1
fe ec ff	1
fe f6 ff	1
fe f8 ff	1
ff 03 15	1
ff 03 19	1
ff 03 25	1
ff 03 35	1
ff 14 dc	1
ff 25 02	1
ff 25 05	1
ff 25 0a	1
ff 25 12	1
ff 25 1a	1
ff 25 22	1
ff 25 2a	1
ff 25 32	1
ff 25 3a	1
ff 25 42	1
ff 25 4a	1
ff 25 52	1
ff 25 d4	1
ff 25 da	1
ff 25 e2	1
ff 25 ea	1
ff 25 f2	1
ff 25 fa	1
ff 35 d2	1
ff 41 56	1
ff 41 ff	1
ff 48 39	1
ff 49 89	1
ff 4c 8b	1
ff 4c 8d	1
ff 5d c3	1
ff 83 45	1
ff 84 c0	1
ff 8b 45	1
ff ba 18	1
ff be 30	1
ff be 60	1
ff be b0	1
ff bf 10	1
ff bf 58	1
ff c7 45	1
ff e2 ff	1
ff e8 a2	1
ff e9 10	1
ff e9 14	1
ff e9 16	1
ff e9 1d	1
ff e9 27	1
ff e9 2a	1
ff e9 44	1
ff e9 6c	1
ff e9 77	1
ff e9 7d	1
ff e9 80	1
ff e9 86	1
ff e9 ae	1
ff e9 b1	1
ff e9 b4	1
ff e9 c3	1
ff e9 d1	1
ff e9 d4	1
ff e9 d5	1
ff e9 d6	1
ff e9 e1	1
ff e9 e2	1
ff e9 e8	1
ff eb 0e	1
ff eb 25	1
ff eb 2f	1
ff eb 43	1
ff eb 4a	1
ff eb 57	1
ff eb 6b	1
ff eb 70	1
ff eb 7f	1
ff ed ff	1
ff f4 66	1
ff ff 02	1
ff ff 04	1
ff ff 06	1
ff ff 12	1
ff ff 1d	1
ff ff 1e	1
ff ff 2b	1
ff ff 2f	1
ff ff 35	1
ff ff 37	1
ff ff 39	1
ff ff 53	1
ff ff 55	1
ff ff 5a	1
ff ff 69	1
ff ff 73	1
ff ff 78	1
ff ff 84	1
ff ff 85	1
ff ff 8e	1
ff ff ad	1
ff ff bc	1
ff ff c6	1
ff ff d1	1
ff ff e1	1
ff ff ea	1
ff ff f0	1
ff ff f9	1
