00 00 00	3239
ff ff 48	240
00 0d 00	207
48 89 c7	189
00 00 22	187
89 c7 e8	173
48 8b 45	159
ff 48 89	122
48 8d 85	102
00 00 48	91
00 5f 5a	90
08 00 00	77
5f 5a 4e	75
00 48 89	74
fe ff ff	72
ff ff ff	71
ff 48 8d	68
00 00 12	65
34 70 61	61
48 89 7d	61
69 72 49	61
00 00 1c	60
53 74 34	59
00 41 0e	58
10 86 02	58
43 0d 06	58
48 89 e5	58
70 61 69	57
41 0e 10	56
86 02 43	56
0c 07 08	55
fd ff ff	54
61 69 72	53
74 34 70	53
74 6f 72	53
00 07 00	52
c3 55 48	51
00 00 41	50
02 43 0d	50
0e 10 86	50
53 74 31	50
72 49 53	50
00 12 00	48
07 08 00	48
1c 00 00	48
55 48 89	47
89 e5 48	47
f8 48 89	44
ff 48 8b	44
00 1c 00	43
64 45 53	43
8b 45 f8	43
53 61 49	42
49 53 74	41
63 74 6f	41
61 49 53	40
45 f8 48	39
48 83 ec	38
fc ff ff	38
6f 72 49	37
00 48 8b	36
5a 4e 53	35
02 00 00	34
65 63 74	34
72 49 64	34
48 8b 55	33
5f 45 45	33
00 00 1a	32
48 89 c3	32
89 d6 48	32
00 00 03	31
01 00 00	31
64 64 45	31
03 00 00	30
53 73 64	30
90 60 00	30
d6 48 89	30
00 00 01	29
40 00 00	29
45 76 00	29
7d f8 48	29
05 00 00	28
31 5f 45	28
49 53 73	28
89 c3 48	28
f8 48 8b	28
4e 53 74	27
53 32 5f	27
61 73 65	27
69 74 65	27
76 00 5f	27
48 89 45	26
48 89 d6	26
5d c3 55	26
5f 5f 67	26
89 7d f8	26
ce 48 89	26
48 89 ce	25
49 64 64	25
36 76 65	24
40 00 48	24
68 40 00	24
8b 45 e8	24
91 60 00	24
00 00 04	23
5f 00 5f	23
5f 63 78	23
63 78 78	23
6e 75 5f	23
73 64 45	23
74 65 72	23
c3 48 8d	23
e5 48 83	23
e8 48 8b	23
00 00 0e	22
00 02 00	22
5f 62 61	22
60 fe ff	22
62 61 73	22
73 74 72	22
8b 45 a8	22
d8 48 89	22
f0 48 8b	22
45 53 61	21
48 8b 85	21
53 31 5f	21
5f 67 6e	21
67 6e 75	21
6f 72 5f	21
72 5f 62	21
75 5f 63	21
00 00 c9	20
00 01 00	20
39 5f 5f	20
45 e8 48	20
48 89 75	20
74 36 76	20
83 ec 10	20
89 ce 48	20
10 48 89	19
45 45 45	19
48 8b 00	19
50 01 48	19
52 4b 53	19
72 61 74	19
78 78 31	19
e0 48 89	19
e8 48 89	19
ff ff e9	19
00 00 02	18
4e 39 5f	18
53 33 5f	18
61 74 6f	18
75 f0 48	18
76 65 63	18
8d 50 01	18
ff ff 25	18
ff ff ba	18
00 00 e9	17
00 c9 c3	17
45 f0 48	17
48 8d 50	17
49 53 31	17
50 53 74	17
53 74 36	17
5f 56 65	17
89 75 f0	17
0a 00 00	16
10 00 00	16
20 00 68	16
45 a8 48	16
45 c0 48	16
4c 49 42	16
5a 53 74	16
5f 5a 53	16
83 ec 20	16
e2 ff ff	16
f2 0f 10	16
ff ff eb	16
00 00 08	15
00 48 8d	15
06 00 00	15
29 c2 48	15
40 40 47	15
45 53 74	15
47 4c 49	15
49 50 53	15
61 6c 6c	15
63 6f 70	15
89 d0 48	15
c3 90 55	15
fa ff ff	15
00 00 20	14
00 00 be	14
01 48 8d	14
04 00 00	14
2e 34 00	14
31 32 5f	14
32 5f 45	14
42 43 58	14
48 8d 45	14
49 42 43	14
49 63 45	14
58 5f 33	14
5a 4e 39	14
60 ff ff	14
64 45 45	14
6c 6f 63	14
89 7d e8	14
8d 85 60	14
c9 c3 55	14
d0 48 89	14
07 00 00	13
09 00 00	13
0c c7 45	13
0e 00 00	13
20 fd ff	13
31 37 5f	13
32 5f 56	13
37 5f 5f	13
40 47 4c	13
48 83 c4	13
48 8d 95	13
49 53 32	13
5f 69 74	13
65 72 61	13
69 6e 69	13
6f 63 61	13
73 65 49	13
74 31 32	13
8b 45 d0	13
a8 48 8b	13
00 00 10	12
0c 00 00	12
1e 2b 40	12
31 45 76	12
32 5f 53	12
33 2e 34	12
43 31 45	12
45 d8 48	12
48 89 55	12
48 8b 40	12
48 8d b5	12
54 30 5f	12
58 58 5f	12
5f 33 2e	12
5f 5f 6e	12
5f 6e 6f	12
5f 74 72	12
61 69 74	12
61 6c 5f	12
6c 5f 69	12
6c 6c 6f	12
6d 61 6c	12
6e 6f 72	12
72 61 69	12
72 6d 61	12
73 49 63	12
74 73 49	12
89 55 e8	12
8b 00 48	12
00 00 0a	11
00 03 00	11
20 48 89	11
31 33 6e	11
43 58 58	11
45 31 33	11
45 d0 48	11
45 d8 8b	11
48 29 c2	11
48 89 c2	11
48 89 d0	11
55 0c 07	11
55 e8 48	11
55 f8 48	11
65 49 53	11
65 77 5f	11
6f 72 6d	11
73 69 63	11
78 31 37	11
85 60 ff	11
89 df e8	11
8b 45 c0	11
8d 48 ff	11
90 55 48	11
e5 48 89	11
ec 10 48	11
f6 ff ff	11
ff ff 1a	11
00 00 11	10
00 00 24	10
00 04 00	10
00 08 00	10
00 ff ff	10
08 48 8b	10
0b 00 00	10
0d 00 00	10
0d 06 45	10
18 00 00	10
31 31 63	10
33 5f 00	10
34 00 5f	10
43 32 45	10
44 31 45	10
45 45 43	10
45 b8 48	10
48 89 42	10
48 8d 48	10
48 8d 8d	10
5f 61 6c	10
63 53 74	10
63 61 74	10
63 68 61	10
68 61 72	10
72 5f 74	10
8b 55 e8	10
8d 85 20	10
a8 48 89	10
ba 00 00	10
c0 48 8b	10
c0 48 8d	10
de ff ff	10
e0 48 8b	10
e1 ff ff	10
e3 ff ff	10
e4 ff ff	10
f8 ff ff	10
ff ff be	10
00 00 06	9
00 00 25	9
00 00 2d	9
00 00 38	9
00 00 f8	9
00 1a 00	9
00 24 00	9
00 5f 5f	9
03 48 89	9
11 00 00	9
15 40 00	9
2e c1 76	9
45 52 4b	9
48 89 85	9
49 54 5f	9
4b 53 73	9
4b 53 74	9
56 65 63	9
62 30 45	9
69 74 73	9
72 49 50	9
72 65 61	9
74 31 31	9
74 72 61	9
7c 20 00	9
8b 45 d8	9
8d 85 50	9
8d 85 b0	9
ba 1e 2b	9
c2 48 8b	9
dd ff ff	9
f5 ff ff	9
00 00 0c	8
00 00 14	8
00 00 30	8
00 00 31	8
00 00 c4	8
00 00 d0	8
00 00 e8	8
00 00 eb	8
00 00 ff	8
00 06 00	8
00 20 00	8
02 00 02	8
0f 00 00	8
30 5f 54	8
32 45 76	8
32 5f 00	8
45 50 53	8
48 89 d8	8
48 8b 4d	8
4e 4b 53	8
50 08 48	8
53 48 83	8
54 5f 53	8
58 ff ff	8
5f 53 61	8
61 6d 49	8
6f 70 79	8
74 72 65	8
7b 20 00	8
85 60 fe	8
89 e5 53	8
b8 00 00	8
c2 48 89	8
c3 48 8b	8
c9 c3 90	8
d0 8b 40	8
d7 ff ff	8
e5 ff ff	8
f4 ff ff	8
ff ff 00	8
00 00 3d	7
00 00 65	7
06 49 0c	7
13 00 00	7
14 40 00	7
24 00 00	7
31 33 5f	7
31 45 52	7
31 63 68	7
45 43 31	7
45 45 44	7
45 45 4e	7
45 53 32	7
45 83 03	7
45 f8 5d	7
48 89 de	7
48 8b 95	7
49 0c 07	7
49 63 53	7
50 4b 63	7
53 34 5f	7
53 74 32	7
53 74 38	7
54 53 48	7
5a 4e 4b	7
5b 41 5c	7
5f 45 54	7
5f 53 33	7
5f 5f 63	7
61 72 5f	7
61 73 69	7
61 74 61	7
65 45 53	7
69 63 5f	7
6c 69 7a	7
6d 70 6c	7
74 00 5f	7
74 69 61	7
74 79 70	7
75 e0 48	7
76 40 40	7
76 65 5f	7
7d e8 48	7
80 fe ff	7
89 45 e8	7
8b 45 f0	7
8b 4d f0	7
8d 45 a0	7
e0 ff ff	7
f0 48 89	7
f8 5d c3	7
fb ff ff	7
ff ff 0e	7
ff ff c9	7
00 00 05	6
00 00 18	6
00 00 29	6
00 00 2c	6
00 00 32	6
00 00 40	6
00 00 4c	6
00 00 5e	6
00 00 84	6
00 00 98	6
00 00 b8	6
00 05 00	6
08 48 8d	6
0d 06 02	6
0d 06 49	6
0f 2a c8	6
0f 59 45	6
12 00 00	6
18 48 89	6
1a 00 00	6
30 68 40	6
33 6e 65	6
45 31 32	6
45 76 40	6
45 b0 48	6
45 d0 f2	6
45 f0 c9	6
48 3b 45	6
48 83 7d	6
48 89 df	6
4d e0 48	6
4e 4b 39	6
4e 53 61	6
53 35 5f	6
55 b8 48	6
5f 6d 6f	6
61 74 65	6
63 45 45	6
63 5f 69	6
65 45 76	6
65 61 6d	6
65 64 5f	6
6e 69 74	6
6f 73 5f	6
70 fe ff	6
72 5f 69	6
73 69 7a	6
74 31 33	6
74 61 72	6
74 68 72	6
77 5f 61	6
83 fc 01	6
85 50 ff	6
85 c0 fc	6
89 45 f8	6
89 75 e0	6
89 c2 48	6
8b 45 e0	6
8b 55 f0	6
8d 85 10	6
8d 85 70	6
8d 85 f0	6
a0 91 60	6
b8 48 8b	6
bc 01 00	6
d0 48 8d	6
df ff ff	6
e9 2c 00	6
e9 ff ff	6
ec 20 48	6
ef ff ff	6
f7 ff ff	6
ff 00 00	6
ff ff 4c	6
00 00 28	5
00 00 34	5
00 00 3c	5
00 00 78	5
00 00 88	5
00 00 90	5
00 00 bc	5
00 0b 00	5
00 0f 00	5
00 10 00	5
00 14 00	5
00 19 00	5
00 40 00	5
00 f1 ff	5
07 90 41	5
0d 06 55	5
10 48 8b	5
13 40 00	5
14 00 00	5
15 00 00	5
18 5b 5d	5
19 00 00	5
2a c0 f2	5
2b 40 00	5
2e 32 2e	5
31 00 00	5
31 5f 00	5
32 4e 47	5
34 5f 00	5
34 62 61	5
43 5f 32	5
44 32 45	5
44 61 74	5
45 43 32	5
45 45 31	5
45 45 34	5
48 8d 55	5
48 ff 48	5
49 53 33	5
49 89 c4	5
4c 62 30	5
50 fc ff	5
54 31 5f	5
55 f0 48	5
5a 4e 31	5
5f 4d 5f	5
5f 4d 65	5
5f 53 34	5
5f 54 30	5
5f 5f 75	5
5f 69 66	5
60 00 00	5
65 67 69	5
65 73 74	5
66 0f 2e	5
69 74 5f	5
69 7a 65	5
6d 49 63	5
6e 69 6e	5
6f 76 65	5
6f 79 49	5
72 6f 79	5
74 08 41	5
74 61 5f	5
79 5f 6d	5
7d d8 48	5
83 03 02	5
85 20 fd	5
85 90 fd	5
87 40 00	5
89 45 b8	5
89 55 d8	5
89 75 d0	5
89 e5 41	5
8b 40 08	5
8b 45 b8	5
8b 55 b8	5
8b 85 60	5
8d 85 40	5
8d 85 90	5
8d 85 e0	5
95 60 fe	5
b5 20 fd	5
b5 60 fe	5
bc 00 00	5
be 30 68	5
c0 fc ff	5
c1 e0 04	5
c7 45 fc	5
c7 e8 3d	5
d0 fe ff	5
d0 ff ff	5
da ff ff	5
e5 53 48	5
e7 19 00	5
e8 66 0f	5
e8 8d 60	5
ec 30 48	5
f0 66 0f	5
ff 1a 00	5
ff 48 83	5
ff ba 00	5
ff ba 1e	5
ff c9 c3	5
ff ff 41	5
ff ff 90	5
00 00 15	4
00 00 26	4
00 00 3e	4
00 00 44	4
00 00 46	4
00 00 58	4
00 00 60	4
00 00 64	4
00 00 6c	4
00 00 71	4
00 00 9c	4
00 00 a8	4
00 11 00	4
00 13 00	4
00 18 00	4
00 d0 8d	4
01 05 00	4
01 e7 19	4
02 40 00	4
04 68 40	4
06 45 83	4
06 55 0c	4
06 6c 0c	4
08 1c 00	4
0d 06 68	4
0f 10 40	4
0f 10 48	4
0f 2a c0	4
0f 59 4d	4
10 48 83	4
16 00 00	4
17 00 00	4
18 48 8b	4
1a 48 89	4
1b 00 00	4
2a c8 f2	4
30 5f 45	4
30 5f 5f	4
30 ff ff	4
31 5f 4d	4
31 5f 5f	4
32 30 5f	4
32 68 40	4
33 5f 53	4
35 00 5f	4
39 62 61	4
40 00 41	4
40 08 48	4
40 ff ff	4
45 00 5f	4
45 38 6d	4
45 44 31	4
45 45 52	4
45 54 30	4
45 a0 48	4
45 d8 f2	4
48 08 48	4
48 89 4d	4
48 89 50	4
48 8b 10	4
48 c1 f8	4
48 c7 40	4
49 4c 62	4
49 6f 73	4
4c 89 e2	4
50 4b 53	4
50 ff ff	4
53 5f 00	4
55 d8 48	4
5e 68 40	4
5f 52 53	4
5f 54 5f	4
5f 61 75	4
5f 63 6f	4
5f 75 6e	4
61 78 5f	4
62 61 63	4
67 69 73	4
69 6f 73	4
6b 77 61	4
6d 00 5f	4
70 79 5f	4
72 49 54	4
75 63 74	4
79 49 50	4
84 c0 0f	4
85 50 fc	4
85 58 ff	4
85 80 fe	4
85 a0 f8	4
85 c0 fe	4
85 db 74	4
89 45 c0	4
89 de 48	4
89 e6 48	4
8b 10 48	4
8b 55 d8	4
8b 55 f8	4
8d 60 00	4
8d 85 00	4
8d 85 d0	4
8d 95 60	4
8d b5 60	4
c0 f2 0f	4
c1 f8 04	4
c1 ff ff	4
c4 18 5b	4
c7 e8 02	4
c7 e8 12	4
c7 e8 3b	4
c7 e8 3f	4
c7 e8 72	4
c7 e8 ce	4
d0 8d 60	4
d0 f2 0f	4
d1 ff ff	4
d8 48 8b	4
de 48 89	4
eb 03 48	4
ec 18 48	4
ee ff ff	4
f0 8d 60	4
f0 ff ff	4
f1 ff ff	4
f2 0f 11	4
f2 0f 2a	4
f2 ff ff	4
f8 48 c7	4
f8 8b 55	4
f8 8d 60	4
f9 ff ff	4
ff 0e 00	4
ff 2d 00	4
ff 4c 89	4
ff eb 03	4
ff ff 30	4
ff ff e0	4
ff ff e8	4
00 00 09	3
00 00 19	3
00 00 2f	3
00 00 35	3
00 00 42	3
00 00 49	3
00 00 4a	3
00 00 53	3
00 00 54	3
00 00 74	3
00 00 80	3
00 00 8c	3
00 00 8e	3
00 00 94	3
00 00 9e	3
00 00 b0	3
00 00 b4	3
00 00 c7	3
00 00 cc	3
00 00 dc	3
00 00 f0	3
00 00 f4	3
00 00 f6	3
00 15 00	3
00 16 00	3
00 1b 00	3
00 44 00	3
00 48 29	3
00 55 48	3
00 5f 49	3
00 6c 69	3
00 be 30	3
00 eb 05	3
00 fe ff	3
02 5b 0c	3
04 48 89	3
06 64 0c	3
07 08 1c	3
0d 06 47	3
0d 06 4f	3
0d 06 60	3
0d 06 7d	3
0f 95 c0	3
10 13 40	3
10 f2 0f	3
10 fd ff	3
10 ff ff	3
20 00 00	3
20 fe ff	3
22 00 00	3
29 00 00	3
2c 00 00	3
2d 00 00	3
30 48 8b	3
30 5f 00	3
30 fd ff	3
31 2e 33	3
31 30 5f	3
31 34 62	3
31 5f 4e	3
33 00 00	3
33 5f 45	3
33 5f 49	3
33 62 61	3
34 5f 53	3
34 5f 5f	3
35 5f 45	3
38 48 89	3
38 5b 5d	3
38 69 6f	3
3e d5 2c	3
40 08 00	3
40 16 40	3
41 55 41	3
42 49 5f	3
45 31 39	3
45 44 32	3
45 45 37	3
45 45 54	3
45 45 70	3
45 45 76	3
45 52 53	3
45 e0 48	3
45 e8 10	3
45 e8 eb	3
45 f8 c7	3
45 ff 00	3
48 48 8b	3
48 83 45	3
48 8b 50	3
49 50 4b	3
4b 39 5f	3
4b 53 33	3
4d 5f 64	3
4e 53 5f	3
4e 53 73	3
50 46 52	3
50 fd ff	3
50 fe ff	3
53 36 5f	3
53 73 43	3
54 02 40	3
54 5f 54	3
55 b0 48	3
55 d0 48	3
55 d8 c6	3
55 f8 b8	3
58 58 41	3
59 45 e8	3
5b 5d c3	3
5d c3 90	3
5f 44 65	3
5f 45 00	3
5f 46 6d	3
5f 49 6f	3
5f 52 4b	3
5f 53 35	3
5f 54 70	3
5f 5a 64	3
5f 5f 61	3
5f 61 49	3
5f 64 65	3
5f 69 6f	3
5f 69 73	3
5f 73 74	3
61 49 54	3
61 49 63	3
61 63 6b	3
61 67 73	3
61 6c 69	3
61 6e 64	3
61 72 72	3
61 75 78	3
62 6c 65	3
63 5f 74	3
64 45 43	3
64 5f 61	3
64 5f 63	3
64 61 74	3
65 45 50	3
65 45 52	3
65 61 64	3
66 73 74	3
67 65 74	3
67 74 68	3
68 fe ff	3
69 61 6c	3
69 66 73	3
69 72 73	3
69 73 74	3
6c 50 76	3
6c 65 00	3
6c 6f 6e	3
6e 45 76	3
6e 64 5f	3
6e 65 77	3
6f 6e 73	3
6f 77 5f	3
70 65 6e	3
70 74 5f	3
70 fd ff	3
72 00 2e	3
72 45 76	3
72 64 5f	3
72 69 6e	3
73 5f 62	3
73 65 45	3
73 6f 2e	3
73 74 61	3
73 74 65	3
74 31 34	3
74 38 69	3
74 61 67	3
74 66 6c	3
74 72 75	3
75 6e 69	3
76 54 5f	3
77 61 72	3
78 31 33	3
78 31 34	3
78 61 5f	3
78 63 65	3
79 49 4c	3
7d f8 89	3
85 00 ff	3
85 30 fd	3
85 50 fd	3
85 58 fd	3
85 90 fe	3
89 02 48	3
89 85 58	3
89 c4 48	3
89 c6 48	3
89 d8 48	3
89 e2 48	3
89 ea 4c	3
8b 40 10	3
8b 45 b0	3
8b 45 c8	3
8b 55 e0	3
8b 85 80	3
8c 03 83	3
8d 45 e0	3
8d 50 10	3
8d 85 30	3
8d 85 80	3
90 fd ff	3
95 58 ff	3
98 91 60	3
98 fe ff	3
a0 48 89	3
b8 48 29	3
b8 48 8d	3
b8 92 60	3
b8 ff ff	3
be 00 00	3
be 32 68	3
be 5e 68	3
bf 10 00	3
c1 76 0c	3
c3 00 00	3
c3 48 89	3
c7 e8 00	3
c7 e8 18	3
c7 e8 30	3
c7 e8 68	3
c7 e8 7e	3
c7 e8 a3	3
c7 e8 cd	3
c7 e8 e7	3
c7 e8 ef	3
c8 48 89	3
c8 48 8b	3
cf fd ff	3
d0 0d 40	3
d0 48 c1	3
d4 ff ff	3
d5 2c 00	3
d5 ff ff	3
d6 89 c7	3
dc ff ff	3
df fd ff	3
e0 48 8d	3
e0 fc ff	3
e6 ff ff	3
e8 48 8d	3
ed ff ff	3
ef fd ff	3
f0 00 74	3
f0 fd ff	3
f0 fe ff	3
f2 0f 59	3
f8 48 8d	3
ff 0a 00	3
ff 14 00	3
ff 25 00	3
ff 42 00	3
ff 44 8b	3
ff 65 00	3
ff be 00	3
ff be 32	3
ff fd ff	3
ff ff 0f	3
ff ff 20	3
ff ff 28	3
ff ff 44	3
ff ff 60	3
ff ff 6f	3
ff ff 88	3
ff ff 8b	3
ff ff a8	3
ff ff b8	3
ff ff c7	3
ff ff f8	3
00 00 16	2
00 00 1b	2
00 00 1d	2
00 00 1e	2
00 00 1f	2
00 00 23	2
00 00 27	2
00 00 2a	2
00 00 2b	2
00 00 2e	2
00 00 36	2
00 00 37	2
00 00 3a	2
00 00 43	2
00 00 4f	2
00 00 50	2
00 00 56	2
00 00 5b	2
00 00 66	2
00 00 68	2
00 00 6d	2
00 00 6e	2
00 00 70	2
00 00 76	2
00 00 7a	2
00 00 7d	2
00 00 96	2
00 00 a0	2
00 00 a4	2
00 00 a7	2
00 00 b6	2
00 00 bf	2
00 00 c0	2
00 00 c6	2
00 00 c8	2
00 00 d4	2
00 00 d6	2
00 00 d8	2
00 00 de	2
00 00 e0	2
00 00 e4	2
00 00 ea	2
00 00 ec	2
00 00 fd	2
00 01 78	2
00 06 01	2
00 09 00	2
00 0c 00	2
00 0e 00	2
00 1d 05	2
00 2b 01	2
00 2c 00	2
00 2e 62	2
00 2e 67	2
00 38 02	2
00 3b 00	2
00 48 39	2
00 48 85	2
00 48 c7	2
00 5d c3	2
00 6c 12	2
00 84 00	2
00 84 c0	2
00 88 68	2
00 8e 01	2
00 90 00	2
00 90 60	2
00 c7 00	2
00 c7 45	2
00 d6 00	2
00 eb 22	2
00 f2 0f	2
00 f4 0e	2
00 f8 8d	2
00 fd ff	2
00 ff 03	2
01 08 3d	2
01 48 83	2
01 7a 52	2
01 d8 48	2
01 e9 2c	2
02 48 8b	2
03 00 02	2
03 05 8e	2
03 7c 0c	2
03 83 04	2
04 00 02	2
04 05 d0	2
04 48 01	2
04 48 83	2
04 83 05	2
04 f2 0f	2
05 00 02	2
05 50 00	2
06 47 8c	2
06 4c 0c	2
06 5d 0c	2
06 60 0c	2
06 66 0f	2
06 68 0c	2
06 78 0c	2
07 05 d4	2
08 48 89	2
08 bf 10	2
0a 4d 40	2
0d 06 61	2
0d 06 6c	2
0d 06 78	2
0d 40 00	2
0e 40 00	2
0f 10 4d	2
0f 11 45	2
0f 1f 84	2
0f 2e c1	2
0f 58 c1	2
10 01 1b	2
10 14 00	2
10 48 39	2
10 68 40	2
11 48 8b	2
12 48 01	2
12 4c 40	2
13 3a 05	2
14 f2 0f	2
16 40 00	2
18 89 c6	2
18 f2 0f	2
1a 2a 40	2
1a 48 8b	2
1c 5e 40	2
1c f2 0f	2
1e 00 00	2
23 48 8b	2
24 4d 40	2
25 00 00	2
28 47 40	2
2a 4b 40	2
2a c0 48	2
2c 4c 40	2
2c 97 01	2
2d a0 91	2
2e 33 00	2
2e 69 6e	2
2e c1 74	2
2e c1 7a	2
30 17 40	2
30 45 4c	2
30 5f 49	2
30 5f 53	2
30 fe ff	2
31 32 4e	2
31 34 5f	2
31 5f 54	2
31 5f 6d	2
32 2e 35	2
32 32 5f	2
32 5f 44	2
32 5f 52	2
32 5f 5f	2
33 48 89	2
33 5f 50	2
33 5f 5f	2
34 00 00	2
34 2e 38	2
34 49 6e	2
34 5d 40	2
35 63 5f	2
36 5e 40	2
36 63 6f	2
36 72 61	2
37 5f 53	2
38 02 40	2
38 48 8b	2
38 61 6c	2
38 75 6e	2
39 c2 0f	2
39 c2 74	2
3a 00 00	2
3d 00 00	2
40 08 f2	2
40 10 48	2
40 10 f2	2
40 14 f2	2
40 18 f2	2
40 1c f2	2
40 40 43	2
40 43 58	2
40 48 8b	2
40 fe ff	2
41 54 53	2
41 5c 5d	2
41 5d 41	2
41 5f 00	2
42 0e 10	2
42 41 4c	2
42 47 40	2
44 00 00	2
44 03 00	2
45 0c 07	2
45 31 30	2
45 33 65	2
45 35 62	2
45 37 5f	2
45 37 64	2
45 39 5f	2
45 39 63	2
45 39 70	2
45 45 00	2
45 45 39	2
45 45 53	2
45 53 35	2
45 63 76	2
45 6d 00	2
45 6d 50	2
45 80 48	2
45 90 48	2
45 c8 48	2
45 f0 5d	2
45 f8 8b	2
46 00 00	2
46 4c 40	2
46 52 53	2
47 4c 4f	2
47 5f 4d	2
48 29 c3	2
48 39 c2	2
48 39 c3	2
48 83 6d	2
48 83 c2	2
48 83 ea	2
48 85 c0	2
48 89 01	2
48 89 10	2
48 89 51	2
48 89 9d	2
48 89 b5	2
48 89 bd	2
48 89 c6	2
48 89 d7	2
48 8b 18	2
48 8b 48	2
48 8b 75	2
48 b8 00	2
48 c1 e0	2
48 c7 85	2
49 4e 39	2
49 53 61	2
49 5f 31	2
49 74 65	2
4b 53 31	2
4b 76 00	2
4c 05 00	2
4c 0c 07	2
4c 8b 65	2
4c 8d 68	2
4d 5f 69	2
4d 65 74	2
4d 90 48	2
4d a8 48	2
4d b0 48	2
4d f0 48	2
4e 31 32	2
4e 44 5f	2
4e 47 5f	2
4e 53 69	2
4f 70 65	2
50 0c 07	2
50 10 48	2
50 53 31	2
50 76 45	2
52 4b 54	2
52 4b 64	2
52 53 33	2
52 53 74	2
53 30 5f	2
53 37 5f	2
53 38 5f	2
53 43 5f	2
53 44 5f	2
53 5f 31	2
53 5f 62	2
53 69 72	2
53 73 00	2
53 74 6f	2
54 4d 43	2
54 4d 5f	2
54 5f 52	2
55 98 48	2
55 e0 48	2
55 f4 89	2
58 41 42	2
5c 41 5d	2
5e 00 00	2
5f 32 2e	2
5f 44 61	2
5f 50 53	2
5f 53 31	2
5f 53 36	2
5f 53 5f	2
5f 5a 31	2
5f 5a 32	2
5f 5a 6e	2
5f 5f 00	2
5f 5f 70	2
5f 5f 73	2
5f 61 72	2
5f 63 61	2
5f 64 69	2
5f 65 6e	2
5f 65 72	2
5f 66 69	2
5f 69 6d	2
5f 6b 65	2
5f 6d 69	2
5f 6e 69	2
5f 6f 73	2
60 00 48	2
60 00 e8	2
60 0c 07	2
60 0e 40	2
60 14 40	2
60 fd ff	2
61 32 49	2
61 49 50	2
61 53 45	2
61 5f 44	2
61 5f 61	2
61 5f 73	2
61 62 00	2
61 64 64	2
61 69 6e	2
61 6d 65	2
61 72 74	2
61 79 00	2
62 31 45	2
62 52 4b	2
62 68 40	2
62 73 74	2
63 45 53	2
63 63 65	2
63 6b 45	2
63 6d 70	2
63 6f 6d	2
63 6f 6e	2
63 6f 75	2
63 74 49	2
64 00 5f	2
64 64 64	2
64 65 40	2
64 65 61	2
64 69 73	2
64 79 6e	2
65 00 5f	2
65 05 00	2
65 54 61	2
65 5f 62	2
65 61 6c	2
65 61 6e	2
65 6e 64	2
65 72 65	2
65 73 00	2
65 74 61	2
65 75 63	2
66 61 69	2
66 72 61	2
67 0c 07	2
67 69 6e	2
68 0c 07	2
68 19 00	2
69 00 00	2
69 00 5f	2
69 66 5f	2
69 69 69	2
69 6d 70	2
69 6e 67	2
69 73 5f	2
69 74 43	2
69 74 69	2
6a 57 40	2
6c 45 76	2
6c 61 67	2
6c 65 6e	2
6c 69 62	2
6c 69 64	2
6c fd ff	2
6d 40 40	2
6d 5f 61	2
6d 65 6d	2
6d 6f 76	2
6d 70 75	2
6d 74 66	2
6d ff ff	2
6e 63 65	2
6e 64 45	2
6e 64 6f	2
6e 65 49	2
6e 67 73	2
6e 69 00	2
6e 6d 6f	2
6e 6f 65	2
6e 73 65	2
6f 00 00	2
6f 63 5f	2
6f 6d 5f	2
6f 6e 5f	2
6f 6e 65	2
6f 70 65	2
6f 73 49	2
70 45 69	2
70 61 72	2
70 6c 43	2
70 6c 74	2
70 74 45	2
70 ff ff	2
71 00 00	2
71 72 74	2
72 0c 07	2
72 53 74	2
72 61 79	2
72 65 73	2
72 6f 72	2
72 6f 77	2
72 73 45	2
72 74 5f	2
73 00 5f	2
73 0c 07	2
73 43 31	2
73 45 52	2
73 49 53	2
73 5f 46	2
73 65 53	2
73 6f 66	2
73 73 5f	2
73 75 62	2
74 05 e8	2
74 32 33	2
74 33 34	2
74 39 62	2
74 40 40	2
74 61 31	2
74 63 68	2
74 65 00	2
74 65 5f	2
74 65 78	2
74 72 69	2
74 72 6f	2
75 73 68	2
75 d0 48	2
75 f4 48	2
76 0c c7	2
78 0c 07	2
78 49 4c	2
78 fe ff	2
78 ff ff	2
79 0c 07	2
79 49 4e	2
79 5f 63	2
7a 65 45	2
7a 65 64	2
7c 49 40	2
7d f0 48	2
7d f8 00	2
7d fc 89	2
80 04 00	2
83 45 cc	2
83 6d f8	2
83 7d a4	2
83 c4 20	2
83 c4 28	2
83 c4 60	2
83 ec 28	2
83 ec 38	2
83 f0 01	2
84 c0 74	2
85 00 fd	2
85 20 ff	2
85 60 fd	2
85 a0 fe	2
85 b0 fd	2
85 d0 fc	2
85 e0 fe	2
86 51 40	2
88 01 e7	2
89 42 08	2
89 50 08	2
89 55 c8	2
89 75 f8	2
89 7d fc	2
89 85 30	2
89 85 50	2
89 8d 30	2
89 c1 48	2
89 c3 4c	2
89 c5 4c	2
8a 62 40	2
8b 00 5d	2
8b 00 8b	2
8b 00 f2	2
8b 08 48	2
8b 40 04	2
8b 48 08	2
8b 50 08	2
8b 55 98	2
8b 55 d0	2
8b 95 48	2
8b 95 58	2
8d 00 00	2
8d 03 8c	2
8d 45 f0	2
8d 55 c0	2
8d 55 f8	2
8d 85 a0	2
8d 95 e0	2
8d c0 fe	2
90 48 89	2
90 67 40	2
92 c0 84	2
95 20 fd	2
98 01 00	2
98 48 8d	2
9a 00 00	2
9a 5e 40	2
9c 91 60	2
9d 2e 00	2
9d 78 ff	2
a0 0a 00	2
a0 fe ff	2
a8 46 40	2
a8 47 40	2
a8 57 40	2
a8 fe ff	2
af 01 05	2
af ff ff	2
b0 15 40	2
b0 48 89	2
b0 fd ff	2
b0 fe ff	2
b2 45 40	2
b4 5e 40	2
b6 64 40	2
b8 56 40	2
b8 61 40	2
bb ff ff	2
bc 62 40	2
bd ff ff	2
be 01 00	2
bf 00 00	2
bf a0 91	2
c0 48 89	2
c0 74 0c	2
c0 84 c0	2
c0 fe ff	2
c1 48 8b	2
c2 46 40	2
c3 66 90	2
c4 38 5b	2
c4 ff ff	2
c7 e8 01	2
c7 e8 06	2
c7 e8 08	2
c7 e8 0c	2
c7 e8 10	2
c7 e8 16	2
c7 e8 17	2
c7 e8 1b	2
c7 e8 2d	2
c7 e8 3c	2
c7 e8 3e	2
c7 e8 48	2
c7 e8 4a	2
c7 e8 4c	2
c7 e8 50	2
c7 e8 54	2
c7 e8 5b	2
c7 e8 60	2
c7 e8 61	2
c7 e8 69	2
c7 e8 6f	2
c7 e8 76	2
c7 e8 77	2
c7 e8 79	2
c7 e8 7d	2
c7 e8 84	2
c7 e8 86	2
c7 e8 98	2
c7 e8 9a	2
c7 e8 a0	2
c7 e8 a1	2
c7 e8 ae	2
c7 e8 b1	2
c7 e8 bd	2
c7 e8 ca	2
c7 e8 cb	2
c7 e8 cc	2
c7 e8 df	2
c7 e8 f6	2
c7 e8 fe	2
c8 55 40	2
c8 f2 0f	2
ce ff ff	2
d0 02 40	2
d0 48 01	2
d0 48 8b	2
d0 fc ff	2
d0 fd ff	2
d1 48 8b	2
d2 5d 40	2
d2 ff ff	2
d3 ff ff	2
d8 10 48	2
d8 6d 40	2
d8 8b 40	2
d8 f2 0f	2
da 48 8b	2
db ff ff	2
e0 04 48	2
e0 07 40	2
e0 fd ff	2
e5 41 54	2
e5 41 55	2
e6 bf 10	2
e8 00 75	2
e8 10 48	2
e8 48 06	2
e8 48 83	2
e8 4b 40	2
e8 73 0e	2
e8 77 12	2
e8 7e ff	2
e8 ff ff	2
ea ff ff	2
eb 04 48	2
eb 14 48	2
eb 19 49	2
eb 25 48	2
eb 4a 48	2
ec 17 40	2
ec 28 48	2
f0 0f 92	2
f0 4c 40	2
f0 c9 c3	2
f3 ff ff	2
f6 56 40	2
f8 04 48	2
f8 8f 60	2
f8 b8 00	2
f8 c7 40	2
fa 4d 40	2
fc 00 00	2
fc 8b 45	2
fd 2c 00	2
ff 26 00	2
ff 31 00	2
ff 3d 00	2
ff 48 29	2
ff 48 85	2
ff 83 7d	2
ff 83 f0	2
ff ba 08	2
ff be 40	2
ff be 44	2
ff be 5e	2
ff eb 1b	2
ff f2 0f	2
ff ff 01	2
ff ff 0a	2
ff ff 11	2
ff ff 15	2
ff ff 1c	2
ff ff 2d	2
ff ff 31	2
ff ff 38	2
ff ff 3c	2
ff ff 58	2
ff ff 80	2
ff ff 83	2
ff ff a0	2
ff ff bf	2
ff ff c0	2
ff ff c8	2
00 00 07	1
00 00 0b	1
00 00 0d	1
00 00 0f	1
00 00 13	1
00 00 17	1
00 00 21	1
00 00 33	1
00 00 39	1
00 00 45	1
00 00 47	1
00 00 4e	1
00 00 52	1
00 00 55	1
00 00 59	1
00 00 5a	1
00 00 5c	1
00 00 63	1
00 00 69	1
00 00 6b	1
00 00 6f	1
00 00 73	1
00 00 75	1
00 00 79	1
00 00 7c	1
00 00 7e	1
00 00 82	1
00 00 83	1
00 00 86	1
00 00 89	1
00 00 8a	1
00 00 8b	1
00 00 92	1
00 00 93	1
00 00 97	1
00 00 9a	1
00 00 a6	1
00 00 aa	1
00 00 ab	1
00 00 ac	1
00 00 ad	1
00 00 ae	1
00 00 af	1
00 00 c1	1
00 00 c2	1
00 00 c3	1
00 00 d1	1
00 00 da	1
00 00 dd	1
00 00 df	1
00 00 e1	1
00 00 e2	1
00 00 e6	1
00 00 ed	1
00 00 f2	1
00 00 f3	1
00 00 f9	1
00 00 fc	1
00 00 fe	1
00 01 22	1
00 01 28	1
00 01 33	1
00 01 f3	1
00 01 fb	1
00 02 e1	1
00 03 18	1
00 04 05	1
00 04 08	1
00 04 11	1
00 04 28	1
00 04 64	1
00 04 70	1
00 04 b4	1
00 04 e0	1
00 04 e8	1
00 04 f4	1
00 05 1e	1
00 06 02	1
00 06 05	1
00 06 16	1
00 08 10	1
00 0a 00	1
00 0a c2	1
00 0a d8	1
00 0a de	1
00 0b 29	1
00 0c 12	1
00 0c 2d	1
00 0c b6	1
00 0d f2	1
00 0e bc	1
00 0e e5	1
00 0f 02	1
00 0f 1f	1
00 0f 85	1
00 10 01	1
00 10 05	1
00 10 1a	1
00 10 68	1
00 10 de	1
00 11 0a	1
00 12 0e	1
00 12 a9	1
00 12 f6	1
00 13 31	1
00 14 04	1
00 14 2a	1
00 16 03	1
00 16 13	1
00 16 15	1
00 16 27	1
00 16 32	1
00 17 00	1
00 17 23	1
00 17 40	1
00 18 40	1
00 19 0f	1
00 19 28	1
00 1a 02	1
00 1a 11	1
00 1a 16	1
00 1a 18	1
00 1a 19	1
00 1a fa	1
00 1b dd	1
00 1c 1c	1
00 1f 2f	1
00 1f e2	1
00 20 01	1
00 21 14	1
00 21 e0	1
00 21 fd	1
00 22 26	1
00 23 25	1
00 24 03	1
00 24 09	1
00 24 0c	1
00 24 df	1
00 25 1e	1
00 25 30	1
00 26 14	1
00 26 31	1
00 26 c5	1
00 27 12	1
00 27 19	1
00 27 1d	1
00 28 15	1
00 2a 17	1
00 2c 06	1
00 2c 07	1
00 2c 09	1
00 2c 0a	1
00 2c 0d	1
00 2c 13	1
00 2c 84	1
00 2d 03	1
00 2e 00	1
00 2e 20	1
00 2e 64	1
00 2e 66	1
00 2e 69	1
00 2e 6e	1
00 2e 72	1
00 2e 73	1
00 2e 74	1
00 2e de	1
00 2f 6c	1
00 2f f3	1
00 30 00	1
00 30 02	1
00 30 13	1
00 31 2e	1
00 31 e1	1
00 32 05	1
00 32 18	1
00 32 2d	1
00 32 ed	1
00 34 08	1
00 34 0e	1
00 34 11	1
00 34 88	1
00 35 24	1
00 36 16	1
00 37 00	1
00 37 04	1
00 37 07	1
00 39 0a	1
00 39 26	1
00 3b d4	1
00 3c 07	1
00 3c fc	1
00 3d 05	1
00 3d 1b	1
00 3d 23	1
00 3e 10	1
00 3e 20	1
00 3e 25	1
00 3e e0	1
00 3f 0b	1
00 3f 0e	1
00 3f 1f	1
00 40 02	1
00 40 16	1
00 40 31	1
00 41 00	1
00 42 29	1
00 43 33	1
00 44 01	1
00 44 03	1
00 44 05	1
00 44 0f	1
00 44 f0	1
00 45 2b	1
00 46 15	1
00 46 61	1
00 47 05	1
00 47 16	1
00 47 22	1
00 47 43	1
00 47 4c	1
00 47 4e	1
00 48 05	1
00 48 21	1
00 48 33	1
00 48 83	1
00 49 2c	1
00 49 89	1
00 4a e2	1
00 4a f5	1
00 4c 14	1
00 4c 1f	1
00 4c 32	1
00 4c 8d	1
00 4c f7	1
00 4c fa	1
00 4d 0c	1
00 4e 1e	1
00 4f fd	1
00 50 20	1
00 50 d5	1
00 50 e5	1
00 52 0d	1
00 53 2c	1
00 54 02	1
00 54 0f	1
00 54 12	1
00 54 13	1
00 54 16	1
00 55 05	1
00 55 c1	1
00 55 f9	1
00 56 14	1
00 56 e2	1
00 56 e9	1
00 57 00	1
00 57 28	1
00 58 1c	1
00 58 31	1
00 58 df	1
00 58 f6	1
00 59 05	1
00 59 15	1
00 59 c7	1
00 5a 05	1
00 5a 1a	1
00 5a fb	1
00 5b 5d	1
00 5c 01	1
00 5e 00	1
00 5e 0d	1
00 5f 4a	1
00 5f 55	1
00 5f 65	1
00 5f 73	1
00 60 0e	1
00 60 2d	1
00 60 de	1
00 61 74	1
00 62 1d	1
00 62 2e	1
00 62 d4	1
00 62 d7	1
00 62 f1	1
00 63 16	1
00 63 6f	1
00 64 02	1
00 64 05	1
00 64 17	1
00 64 25	1
00 64 e2	1
00 65 1e	1
00 65 40	1
00 66 00	1
00 66 07	1
00 66 0d	1
00 66 13	1
00 66 30	1
00 66 72	1
00 67 01	1
00 67 d5	1
00 68 02	1
00 68 05	1
00 68 08	1
00 68 0b	1
00 68 0e	1
00 68 11	1
00 68 14	1
00 68 17	1
00 68 1a	1
00 68 1c	1
00 68 1d	1
00 68 20	1
00 68 23	1
00 68 26	1
00 68 29	1
00 68 2c	1
00 68 2f	1
00 68 40	1
00 68 d4	1
00 68 e4	1
00 69 0c	1
00 69 14	1
00 6a dd	1
00 6b 09	1
00 6b 19	1
00 6c 06	1
00 6c 0e	1
00 6c 2f	1
00 6d 18	1
00 6e 13	1
00 6e 67	1
00 6e ee	1
00 6e ef	1
00 6f 04	1
00 6f 27	1
00 70 08	1
00 70 6f	1
00 72 0e	1
00 72 1a	1
00 72 1f	1
00 72 e5	1
00 73 1d	1
00 73 23	1
00 74 02	1
00 74 1e	1
00 74 29	1
00 75 0a	1
00 75 11	1
00 75 14	1
00 75 1a	1
00 75 1e	1
00 76 15	1
00 76 e1	1
00 78 10	1
00 78 af	1
00 78 ff	1
00 7c 08	1
00 7c 0b	1
00 7c e3	1
00 7d 22	1
00 7e 0b	1
00 7f 28	1
00 80 e2	1
00 81 14	1
00 81 26	1
00 82 06	1
00 84 06	1
00 84 09	1
00 84 0c	1
00 84 15	1
00 84 2a	1
00 84 2b	1
00 85 09	1
00 85 0a	1
00 85 33	1
00 85 e2	1
00 86 13	1
00 86 14	1
00 86 a8	1
00 87 07	1
00 87 12	1
00 87 14	1
00 88 1d	1
00 89 1b	1
00 89 2d	1
00 8a 2f	1
00 8a b9	1
00 8a e2	1
00 8a fe	1
00 8b 17	1
00 8b 1b	1
00 8b 33	1
00 8c 0a	1
00 8c 13	1
00 8c 1a	1
00 8c de	1
00 8d 00	1
00 8d 02	1
00 8d 03	1
00 8d 11	1
00 8d 1f	1
00 8e 0f	1
00 8e 20	1
00 8e f4	1
00 8f 03	1
00 8f 07	1
00 90 0e	1
00 90 19	1
00 90 30	1
00 91 29	1
00 91 e2	1
00 92 15	1
00 94 00	1
00 94 0e	1
00 94 21	1
00 94 24	1
00 95 08	1
00 96 13	1
00 96 1a	1
00 96 f8	1
00 98 02	1
00 98 91	1
00 98 d7	1
00 99 00	1
00 9a 16	1
00 9a 18	1
00 9a 1c	1
00 9b 0c	1
00 9c 0f	1
00 9c e2	1
00 9d 32	1
00 9e 08	1
00 9f c1	1
00 9f e3	1
00 a0 05	1
00 a0 24	1
00 a0 d4	1
00 a0 de	1
00 a1 01	1
00 a1 1e	1
00 a1 31	1
00 a2 e2	1
00 a3 2c	1
00 a4 08	1
00 a4 10	1
00 a4 1a	1
00 a4 25	1
00 a5 1a	1
00 a6 15	1
00 a6 26	1
00 a6 fc	1
00 a7 05	1
00 a8 00	1
00 a8 ae	1
00 a8 ff	1
00 aa 01	1
00 aa 0c	1
00 aa de	1
00 ab 0b	1
00 ab 0d	1
00 ac 05	1
00 ac 09	1
00 ac 11	1
00 ac 14	1
00 ac e2	1
00 ae 06	1
00 ae 14	1
00 ae f5	1
00 af 01	1
00 af 04	1
00 af 0d	1
00 af 13	1
00 b0 19	1
00 b0 30	1
00 b1 2e	1
00 b2 01	1
00 b2 11	1
00 b2 19	1
00 b2 23	1
00 b2 fa	1
00 b3 09	1
00 b3 20	1
00 b3 d4	1
00 b4 03	1
00 b4 13	1
00 b5 bb	1
00 b5 fb	1
00 b6 14	1
00 b6 e2	1
00 b7 0c	1
00 b7 22	1
00 b7 30	1
00 b7 32	1
00 b7 df	1
00 b8 00	1
00 b9 02	1
00 b9 12	1
00 ba 0b	1
00 ba 0d	1
00 ba 2f	1
00 bb 00	1
00 bb 13	1
00 bb 1f	1
00 bb c1	1
00 bc bb	1
00 bd 13	1
00 bd 26	1
00 be 01	1
00 be 02	1
00 be 32	1
00 be 5e	1
00 be c2	1
00 be e3	1
00 bf 01	1
00 bf 0e	1
00 bf 19	1
00 bf 60	1
00 bf a0	1
00 c0 01	1
00 c0 0a	1
00 c0 e1	1
00 c1 10	1
00 c2 02	1
00 c2 29	1
00 c2 2b	1
00 c4 02	1
00 c4 0f	1
00 c6 04	1
00 c6 13	1
00 c7 07	1
00 c7 85	1
00 c7 dc	1
00 c8 02	1
00 c8 06	1
00 c8 0f	1
00 c8 91	1
00 c9 2a	1
00 ca 17	1
00 ca e2	1
00 cc 01	1
00 cc 08	1
00 cc 0c	1
00 cc 12	1
00 cc 25	1
00 cc 32	1
00 cc d6	1
00 cd d7	1
00 ce 05	1
00 ce 0b	1
00 ce 0c	1
00 ce 15	1
00 ce ed	1
00 cf 24	1
00 d0 02	1
00 d0 1a	1
00 d0 21	1
00 d1 01	1
00 d1 30	1
00 d2 00	1
00 d2 1e	1
00 d2 e1	1
00 d4 07	1
00 d4 0d	1
00 d4 d5	1
00 d5 1c	1
00 d6 15	1
00 d6 27	1
00 d6 e1	1
00 d7 13	1
00 d7 26	1
00 d8 14	1
00 d8 18	1
00 d8 d4	1
00 d8 ec	1
00 d8 f6	1
00 d9 03	1
00 d9 0e	1
00 d9 17	1
00 d9 f7	1
00 da 30	1
00 da e1	1
00 dc f3	1
00 dd 0c	1
00 de 04	1
00 df 16	1
00 df bb	1
00 e0 07	1
00 e0 16	1
00 e0 3f	1
00 e0 e1	1
00 e1 0c	1
00 e1 1f	1
00 e1 28	1
00 e2 01	1
00 e2 1b	1
00 e2 dd	1
00 e2 ee	1
00 e4 00	1
00 e4 05	1
00 e4 23	1
00 e4 f8	1
00 e6 06	1
00 e6 14	1
00 e6 22	1
00 e7 1c	1
00 e7 25	1
00 e8 0d	1
00 e8 1a	1
00 e8 38	1
00 e8 92	1
00 e8 b0	1
00 e8 e7	1
00 e8 f3	1
00 e8 fd	1
00 e9 00	1
00 e9 10	1
00 e9 20	1
00 e9 30	1
00 e9 40	1
00 e9 50	1
00 e9 60	1
00 e9 70	1
00 e9 80	1
00 e9 90	1
00 e9 a0	1
00 e9 b0	1
00 e9 c0	1
00 e9 d0	1
00 e9 e0	1
00 e9 f0	1
00 ea 31	1
00 eb 02	1
00 eb 03	1
00 eb 13	1
00 ec 05	1
00 ec 0a	1
00 ec 13	1
00 ec 27	1
00 ee 08	1
00 ef 00	1
00 f0 2c	1
00 f0 2d	1
00 f0 8d	1
00 f1 1b	1
00 f1 29	1
00 f3 01	1
00 f3 13	1
00 f4 14	1
00 f4 e0	1
00 f5 15	1
00 f5 1c	1
00 f6 04	1
00 f6 13	1
00 f6 29	1
00 f7 28	1
00 f8 06	1
00 f9 1b	1
00 f9 1d	1
00 f9 2e	1
00 fa 0d	1
00 fa 11	1
00 fa 16	1
00 fa da	1
00 fb 10	1
00 fb 24	1
00 fb 30	1
00 fc 0f	1
00 fc 19	1
00 fc 1a	1
00 fc 20	1
00 fc 2b	1
00 fc 31	1
00 fe 06	1
00 fe e8	1
00 ff 25	1
00 ff 35	1
00 ff e2	1
01 00 01	1
01 00 02	1
01 00 8e	1
01 00 ae	1
01 00 ed	1
01 01 81	1
01 05 e1	1
01 05 f5	1
01 08 36	1
01 08 3c	1
01 0c 31	1
01 0e 48	1
01 13 3a	1
01 1b 03	1
01 1b aa	1
01 2c 05	1
01 48 39	1
01 48 89	1
01 75 10	1
01 75 27	1
01 7c 00	1
01 83 7d	1
01 84 c0	1
01 86 04	1
01 89 c3	1
01 a3 05	1
01 c2 48	1
01 d0 48	1
01 d5 2c	1
01 f4 ff	1
01 fd 03	1
02 0c 07	1
02 0f 00	1
02 19 00	1
02 4c 0c	1
02 4e 0c	1
02 54 0c	1
02 57 0c	1
02 75 0c	1
02 7c 20	1
02 b1 0c	1
02 b5 ff	1
02 bf 0c	1
02 e7 ff	1
02 fa ff	1
03 02 84	1
03 02 b1	1
03 05 c3	1
03 05 e3	1
03 05 fa	1
03 10 03	1
03 15 01	1
03 15 0d	1
03 29 05	1
03 45 0e	1
03 48 83	1
03 4b 17	1
03 79 0c	1
03 88 01	1
03 8e 04	1
03 cc 03	1
03 d8 ff	1
03 e0 15	1
04 00 01	1
04 00 66	1
04 01 00	1
04 01 d3	1
04 02 4c	1
04 02 67	1
04 03 ed	1
04 05 a5	1
04 05 bc	1
04 10 88	1
04 26 85	1
04 2c 40	1
04 2c 84	1
04 48 8b	1
04 4c 40	1
04 7c 87	1
04 87 40	1
05 02 b0	1
05 05 00	1
05 05 92	1
05 05 e7	1
05 3d 00	1
05 44 00	1
05 45 00	1
05 45 ed	1
05 73 00	1
05 81 2c	1
05 83 06	1
05 88 18	1
05 91 2a	1
05 95 2c	1
05 a9 2c	1
05 ac 17	1
05 b1 2e	1
05 c5 19	1
05 cd 18	1
05 d9 2b	1
05 e4 18	1
05 ed 2b	1
05 f1 17	1
05 f1 ff	1
05 fb 19	1
06 00 52	1
06 02 50	1
06 02 55	1
06 02 56	1
06 02 59	1
06 05 92	1
06 05 a9	1
06 05 fe	1
06 14 40	1
06 41 0c	1
06 45 0c	1
06 48 0e	1
06 48 83	1
06 4d 0c	1
06 50 8f	1
06 57 0c	1
06 6a 0c	1
06 6d 0c	1
06 6f 0c	1
06 72 0c	1
06 74 0c	1
06 79 0c	1
06 83 07	1
07 05 c0	1
07 4c fd	1
07 b8 01	1
07 c7 45	1
08 05 eb	1
08 05 fe	1
08 08 00	1
08 0d 00	1
08 0f fd	1
08 19 00	1
08 44 89	1
08 48 83	1
08 4c 8d	1
08 5b 5d	1
08 5f 40	1
08 80 00	1
08 8a 01	1
08 90 01	1
08 a5 ff	1
08 c9 c3	1
08 da ff	1
08 e9 1e	1
08 eb 1a	1
08 eb 22	1
09 03 00	1
09 05 9f	1
09 8b 01	1
09 c7 45	1
0a 48 89	1
0a d3 ff	1
0c 02 48	1
0c 0b 00	1
0c 14 00	1
0c 26 40	1
0c 35 05	1
0c f4 ff	1
0d 05 a8	1
0d 06 4c	1
0d 06 57	1
0d 06 5b	1
0d 06 5d	1
0d 06 6d	1
0d 06 70	1
0d 06 73	1
0d 09 00	1
0d c1 01	1
0e 05 00	1
0e 05 f8	1
0e 10 46	1
0e 18 4a	1
0e 18 8e	1
0e 30 86	1
0e 48 8b	1
0f 02 00	1
0f 05 8c	1
0f 0a 00	1
0f 0b 77	1
0f 10 45	1
0f 10 55	1
0f 11 55	1
0f 11 6d	1
0f 11 85	1
0f 1f 00	1
0f 28 c2	1
0f 2e c8	1
0f 35 e7	1
0f 84 a2	1
0f 85 1b	1
0f 85 40	1
0f 85 c6	1
0f ab 01	1
0f fb ff	1
0f fe ff	1
10 09 00	1
10 40 08	1
10 40 28	1
10 40 48	1
10 45 d0	1
10 48 28	1
10 48 48	1
10 57 40	1
10 5d c3	1
10 64 40	1
10 68 00	1
10 e9 83	1
11 01 00	1
11 45 d8	1
11 55 d0	1
11 5d c0	1
11 75 a8	1
11 85 50	1
11 85 78	1
12 06 00	1
12 0c 00	1
12 45 40	1
12 48 8b	1
12 67 40	1
12 fa ff	1
13 fd ff	1
14 05 d6	1
14 06 00	1
14 0f 00	1
14 15 00	1
14 55 bf	1
14 87 40	1
14 8b 85	1
14 98 0c	1
14 a4 02	1
14 ef ff	1
15 19 00	1
15 d0 ff	1
16 05 ae	1
16 16 40	1
16 5d 40	1
16 60 40	1
16 8a 01	1
16 de ff	1
16 df ff	1
16 f3 ff	1
17 00 f8	1
17 48 8b	1
18 00 8d	1
18 00 d7	1
18 07 00	1
18 5b 41	1
18 68 40	1
18 89 45	1
18 eb ff	1
19 00 c8	1
19 00 d9	1
19 00 db	1
19 00 e5	1
19 00 e9	1
19 00 ea	1
19 00 fe	1
19 01 0f	1
19 03 00	1
19 da ff	1
19 e2 ff	1
1a 00 a0	1
1a 01 00	1
1a 05 00	1
1a 55 40	1
1a 69 09	1
1a 7c 20	1
1a e1 ff	1
1a e9 ff	1
1b 0c 07	1
1b 46 40	1
1c 10 00	1
1c 48 8b	1
1c 58 40	1
1c db ff	1
1c e5 ff	1
1c ea ff	1
1d 01 00	1
1d 48 89	1
1e 61 40	1
1e d5 ff	1
1f 00 00	1
1f 00 1c	1
1f 00 55	1
1f 01 00	1
1f 0c 00	1
1f 63 40	1
1f 80 00	1
1f 84 db	1
20 00 3a	1
20 06 00	1
20 09 0b	1
20 12 00	1
20 2a b9	1
20 48 8b	1
20 65 40	1
20 67 40	1
20 89 50	1
20 8d 04	1
20 de ff	1
20 ef ff	1
20 f6 04	1
21 00 00	1
21 01 10	1
21 d0 5d	1
21 d3 03	1
22 02 00	1
22 48 8b	1
22 5a 40	1
23 03 00	1
23 04 00	1
23 0d 00	1
24 05 00	1
24 0a 00	1
24 10 44	1
24 11 00	1
24 48 8b	1
24 e1 ff	1
25 12 7c	1
25 2a 7c	1
25 42 7c	1
25 5a 7c	1
25 6a 7b	1
25 72 7c	1
25 82 7b	1
25 8a 7c	1
25 9a 7b	1
25 a2 7c	1
25 b2 7b	1
25 ba 7c	1
25 ca 7b	1
25 d2 7c	1
25 e0 ff	1
25 e2 7b	1
25 fa 7b	1
26 03 00	1
26 11 00	1
26 15 40	1
26 20 00	1
26 4a 40	1
26 56 40	1
26 bb ff	1
27 00 00	1
27 00 b9	1
27 00 e1	1
27 02 00	1
27 05 00	1
28 00 99	1
28 00 9c	1
28 00 b8	1
28 00 d2	1
28 00 d5	1
28 00 ee	1
28 00 f1	1
28 00 fd	1
28 04 00	1
28 08 00	1
28 10 00	1
28 17 00	1
28 19 00	1
28 1a 00	1
28 26 20	1
28 47 4e	1
28 48 8b	1
28 52 65	1
28 5b 41	1
28 5b 5d	1
28 84 40	1
28 ff ff	1
29 00 8a	1
29 00 8d	1
29 00 a6	1
29 00 b5	1
29 00 c2	1
29 00 d3	1
29 00 d4	1
29 00 f4	1
29 03 00	1
2a 00 00	1
2a 00 dc	1
2a 03 00	1
2a 33 24	1
2a c8 48	1
2a dd ff	1
2b 00 a9	1
2b 0a 00	1
2b 2e 73	1
2b e1 ff	1
2c 00 9a	1
2c 00 a3	1
2c 00 a4	1
2c 00 a5	1
2c 00 cd	1
2c 00 d7	1
2c 12 00	1
2c 13 00	1
2c 84 00	1
2c 84 40	1
2c c5 ff	1
2c d4 ff	1
2c f6 ff	1
2d 00 80	1
2d 00 df	1
2e 00 d0	1
2e 05 00	1
2e 0f 1f	1
2e 30 00	1
2e 33 20	1
2e 33 2d	1
2e 35 00	1
2e 63 6f	1
2e 63 70	1
2e 64 79	1
2e 65 40	1
2e 65 68	1
2e 66 69	1
2e 67 63	1
2e 67 6e	1
2e 68 61	1
2e 6a 63	1
2e 6e 67	1
2e 72 65	1
2e 73 74	1
2e 76 65	1
2e c8 76	1
2e d6 ff	1
2f 00 00	1
2f 05 00	1
2f 2a 40	1
30 00 47	1
30 02 00	1
30 13 00	1
30 13 40	1
30 45 45	1
30 45 4e	1
30 45 50	1
30 48 89	1
30 4e 40	1
30 5f 43	1
30 70 72	1
30 b8 00	1
30 e4 ff	1
30 f7 ff	1
31 02 00	1
31 05 44	1
31 0a 00	1
31 31 20	1
31 31 66	1
31 33 62	1
31 39 5f	1
31 39 62	1
31 45 50	1
31 66 72	1
31 e2 ff	1
32 00 00	1
32 00 04	1
32 2e 32	1
32 30 31	1
32 36 72	1
32 45 52	1
32 45 6d	1
32 5c 40	1
32 5f 4d	1
32 5f 6d	1
32 7c 20	1
32 f8 ff	1
33 33 38	1
33 63 6f	1
33 66 69	1
33 6d 61	1
33 70 6f	1
34 00 6d	1
34 04 00	1
34 05 00	1
34 24 4c	1
34 2f 6c	1
34 30 39	1
34 5f 45	1
34 65 6e	1
34 73 69	1
34 88 00	1
34 de ff	1
34 ed ff	1
34 fa ff	1
35 00 43	1
35 01 2b	1
35 5f 00	1
35 5f 53	1
35 62 65	1
35 63 6c	1
35 64 69	1
35 be 4e	1
35 e7 19	1
36 00 5f	1
36 00 73	1
36 04 00	1
36 14 40	1
36 34 2e	1
36 48 89	1
36 5f 00	1
36 73 75	1
37 00 00	1
37 29 00	1
37 48 8d	1
37 5f 4d	1
37 5f 52	1
37 64 65	1
37 67 65	1
37 72 65	1
38 00 09	1
38 02 00	1
38 05 41	1
38 07 00	1
38 0e 00	1
38 15 00	1
38 36 2d	1
38 5f 44	1
38 5f 45	1
38 66 0f	1
38 68 40	1
38 6d 61	1
38 83 07	1
38 c2 ff	1
38 fc ff	1
38 ff ff	1
39 00 00	1
39 48 8b	1
39 5f 00	1
39 c3 75	1
39 f3 ff	1
3a 00 2c	1
3a 05 00	1
3a 3a 5f	1
3a 63 40	1
3b 05 00	1
3b 45 f0	1
3b 4c 05	1
3c d9 ff	1
3c fc ff	1
3d 05 00	1
3d 64 40	1
3e 00 00	1
3e 00 01	1
3e de ff	1
3f 1a 3b	1
3f 48 01	1
3f 48 89	1
3f 65 40	1
3f dc ff	1
40 00 03	1
40 00 b8	1
40 00 be	1
40 00 bf	1
40 00 e8	1
40 00 ff	1
40 05 00	1
40 08 4c	1
40 0a 00	1
40 0c 00	1
40 10 00	1
40 14 00	1
40 1b 00	1
40 28 f2	1
40 47 43	1
40 48 89	1
40 50 f2	1
40 5e 40	1
40 66 0f	1
40 85 40	1
40 ed ff	1
40 fc ff	1
41 0e 28	1
41 0e 30	1
41 42 4c	1
41 56 49	1
41 5c 41	1
41 5d 5d	1
41 5f 53	1
41 5f c3	1
41 89 ff	1
41 bc 00	1
41 e0 ff	1
42 08 5d	1
42 08 c9	1
42 0b 00	1
42 0e 08	1
42 0e 18	1
42 0e 20	1
42 20 48	1
42 38 48	1
42 43 5f	1
42 49 2d	1
42 50 5d	1
42 5f 52	1
43 00 00	1
43 04 00	1
43 08 00	1
43 0c 07	1
43 2a 40	1
43 3a 20	1
43 48 89	1
43 48 8b	1
43 5f 00	1
43 5f 33	1
43 5f 53	1
43 6c 61	1
43 6c 6f	1
43 6f 6e	1
43 79 49	1
43 e8 ff	1
44 01 00	1
44 07 00	1
44 09 00	1
44 0c 00	1
44 57 40	1
44 5f 00	1
44 65 73	1
44 89 4d	1
44 89 5c	1
44 8b 85	1
44 8b ad	1
44 8b b5	1
44 bc ff	1
44 fd ff	1
45 0e 28	1
45 31 31	1
45 31 35	1
45 31 37	1
45 34 62	1
45 35 65	1
45 36 5f	1
45 37 69	1
45 38 5f	1
45 40 00	1
45 40 40	1
45 45 33	1
45 45 35	1
45 45 38	1
45 45 4c	1
45 45 50	1
45 45 62	1
45 45 64	1
45 4c 62	1
45 4e 39	1
45 4e 44	1
45 50 46	1
45 50 4b	1
45 50 54	1
45 50 63	1
45 52 64	1
45 53 31	1
45 53 36	1
45 53 38	1
45 54 31	1
45 5f 00	1
45 5f 45	1
45 5f 53	1
45 62 52	1
45 64 65	1
45 6d 6d	1
45 70 70	1
45 76 50	1
45 76 54	1
45 90 05	1
45 98 48	1
45 a8 ba	1
45 b8 83	1
45 c0 b8	1
45 cc 00	1
45 d0 01	1
45 d0 75	1
45 d4 01	1
45 d5 4c	1
45 d8 00	1
45 d8 c9	1
45 dc 01	1
45 e0 01	1
45 e0 75	1
45 e4 89	1
45 e8 01	1
45 e8 66	1
45 f0 66	1
45 f8 09	1
45 f8 10	1
45 f8 ba	1
45 f8 c9	1
45 fc 01	1
45 fc 5d	1
45 fc c9	1
45 fc ec	1
45 fc f8	1
45 fc fc	1
46 02 01	1
46 05 00	1
46 09 00	1
46 13 40	1
46 2b 40	1
46 53 45	1
46 6d 74	1
46 80 05	1
47 43 43	1
47 60 40	1
47 8c 03	1
48 01 c2	1
48 01 d0	1
48 18 00	1
48 28 48	1
48 48 89	1
48 50 48	1
48 5b 5d	1
48 63 40	1
48 81 c4	1
48 83 03	1
48 83 c0	1
48 83 c3	1
48 85 db	1
48 89 c1	1
48 89 d9	1
48 89 da	1
48 8b 05	1
48 8b 08	1
48 8b 12	1
48 8b 58	1
48 8b 8d	1
48 8b 9d	1
48 8b b5	1
48 8d 0c	1
48 8d 4d	1
48 a8 ff	1
48 c1 e2	1
48 c1 ea	1
48 c1 fd	1
48 c7 45	1
48 c7 c1	1
48 f2 0f	1
48 fc ff	1
48 ff ff	1
49 43 00	1
49 53 34	1
49 54 30	1
49 54 4d	1
49 58 73	1
49 5f 5f	1
49 69 45	1
49 6e 69	1
49 8d 03	1
4a 00 00	1
4a 01 00	1
4a 0e 00	1
4a 43 52	1
4a 7c 20	1
4b 53 30	1
4b 53 32	1
4b 53 34	1
4b 53 41	1
4b 53 61	1
4b 54 5f	1
4b 63 52	1
4b 63 53	1
4b 63 6d	1
4b 64 53	1
4b 6c 00	1
4c 07 00	1
4c 0a 00	1
4c 0d 00	1
4c 13 00	1
4c 31 38	1
4c 38 5f	1
4c 45 52	1
4c 5f 5f	1
4c 89 d7	1
4c 89 e1	1
4c 89 e3	1
4c 89 e9	1
4c 8b 20	1
4c 8b 8d	1
4c 8d 25	1
4c d3 ff	1
4c e2 ff	1
4c fa ff	1
4c fd ff	1
4d 0e 40	1
4d 43 5f	1
4d 43 6c	1
4d 5f 63	1
4d 5f 67	1
4d ab ff	1
4d b8 f2	1
4d d0 f2	1
4d d1 ff	1
4d d5 2c	1
4d ec 44	1
4d f0 66	1
4d f5 ff	1
4d f8 48	1
4d f8 f2	1
4e 2c 00	1
4e 41 4d	1
4e 53 6f	1
4e 55 00	1
4e 68 40	1
4e 8e 03	1
4f 00 00	1
4f 0c 07	1
4f 42 41	1
4f 45 40	1
4f 5f 73	1
50 08 eb	1
50 0c 48	1
50 10 e9	1
50 13 00	1
50 14 48	1
50 26 79	1
50 48 8b	1
50 53 32	1
50 53 33	1
50 53 35	1
50 54 49	1
50 54 5f	1
50 5d c3	1
50 61 40	1
50 ec ff	1
50 f2 0f	1
51 08 48	1
51 0a 00	1
51 e5 74	1
51 fa ff	1
52 00 01	1
52 05 00	1
52 06 00	1
52 41 4d	1
52 4b 4e	1
52 52 53	1
52 53 61	1
52 53 62	1
52 54 31	1
52 5f 45	1
52 64 00	1
52 65 73	1
52 87 40	1
52 e5 ff	1
53 04 00	1
53 2c 97	1
53 41 5f	1
53 48 81	1
53 4c 29	1
53 54 5f	1
53 62 49	1
53 6f 53	1
53 6f 6c	1
53 73 31	1
53 73 34	1
53 73 36	1
53 73 40	1
53 73 50	1
53 73 53	1
53 73 70	1
53 74 61	1
54 03 00	1
54 0e 00	1
54 5a 40	1
54 5f 00	1
54 5f 45	1
54 61 62	1
54 70 5f	1
54 e7 ff	1
54 f2 ff	1
55 00 00	1
55 00 d0	1
55 10 89	1
55 29 20	1
55 49 89	1
55 80 48	1
55 b3 ff	1
55 c0 48	1
55 e0 8b	1
55 e8 4c	1
55 ec 89	1
55 f0 89	1
55 fc 8b	1
56 00 00	1
56 02 00	1
56 0c 07	1
56 15 40	1
56 56 40	1
56 ef ff	1
56 f0 ff	1
57 0a 00	1
57 0c 07	1
57 2a 40	1
57 41 56	1
58 00 00	1
58 01 00	1
58 08 48	1
58 0c 07	1
58 46 40	1
58 c1 f2	1
58 d4 ff	1
58 e0 48	1
58 fd ff	1
59 05 00	1
59 0c 07	1
59 45 f0	1
59 4d f0	1
59 d5 ff	1
5a 00 00	1
5a 05 00	1
5a 34 31	1
5a 48 40	1
5a 64 40	1
5a 6e 77	1
5a 7b 20	1
5a b0 ff	1
5b 00 00	1
5c 53 a8	1
5c 63 40	1
5c d0 66	1
5c d7 ff	1
5d 04 00	1
5d 0c 07	1
5d 41 5e	1
5d 48 89	1
5d c3 66	1
5d c3 ba	1
5d c6 05	1
5d e5 ff	1
5d e9 7b	1
5e 0d 40	1
5e 41 5f	1
5e 5d c3	1
5e 61 40	1
5e e0 ff	1
5f 00 64	1
5f 30 69	1
5f 44 59	1
5f 45 31	1
5f 45 37	1
5f 45 40	1
5f 45 53	1
5f 45 76	1
5f 47 4c	1
5f 49 54	1
5f 49 5f	1
5f 4a 43	1
5f 4a 76	1
5f 4c 49	1
5f 4f 46	1
5f 4f 70	1
5f 50 4b	1
5f 52 54	1
5f 52 65	1
5f 53 37	1
5f 53 39	1
5f 53 41	1
5f 53 42	1
5f 53 43	1
5f 53 44	1
5f 54 31	1
5f 55 6e	1
5f 5a 5a	1
5f 5f 46	1
5f 5f 54	1
5f 5f 64	1
5f 5f 69	1
5f 5f 6c	1
5f 5f 6d	1
5f 5f 76	1
5f 61 32	1
5f 61 63	1
5f 62 49	1
5f 62 65	1
5f 62 73	1
5f 63 68	1
5f 63 6c	1
5f 63 72	1
5f 64 61	1
5f 64 73	1
5f 64 74	1
5f 64 75	1
5f 65 64	1
5f 66 72	1
5f 68 64	1
5f 68 65	1
5f 69 6e	1
5f 6c 65	1
5f 6c 69	1
5f 6d 61	1
5f 6f 6e	1
5f 70 65	1
5f 72 65	1
5f 73 69	1
5f 74 61	1
5f 74 68	1
5f 74 6d	1
5f 74 79	1
5f 76 30	1
60 00 bf	1
60 00 ff	1
60 0e 00	1
60 11 00	1
60 16 00	1
60 55 40	1
60 5f 40	1
60 f0 48	1
61 2e 64	1
61 31 30	1
61 35 70	1
61 43 31	1
61 43 32	1
61 44 31	1
61 45 76	1
61 49 4c	1
61 4e 52	1
61 5f 64	1
61 5f 65	1
61 5f 72	1
61 60 40	1
61 62 6c	1
61 63 63	1
61 64 5f	1
61 67 65	1
61 69 6c	1
61 6c 75	1
61 6d 69	1
61 72 64	1
61 73 73	1
61 74 20	1
61 74 69	1
61 79 5f	1
62 00 2e	1
62 49 50	1
62 49 53	1
62 52 54	1
62 5e 40	1
62 61 64	1
62 61 6c	1
62 63 2e	1
62 63 5f	1
62 65 67	1
62 6d 2e	1
62 7c 20	1
62 d4 ff	1
63 00 2e	1
63 00 5f	1
63 0c 07	1
63 40 40	1
63 45 37	1
63 45 43	1
63 45 44	1
63 54 5f	1
63 5f 63	1
63 5f 65	1
63 5f 6f	1
63 5f 73	1
63 63 5f	1
63 65 5f	1
63 68 00	1
63 68 40	1
63 6b 77	1
63 6c 6f	1
63 6f 53	1
63 73 75	1
63 74 45	1
63 74 69	1
63 76 00	1
63 78 61	1
64 00 2e	1
64 01 00	1
64 05 86	1
64 06 00	1
64 0a 00	1
64 0c 07	1
64 10 00	1
64 20 48	1
64 20 74	1
64 2d 69	1
64 2d 6c	1
64 2e 36	1
64 45 40	1
64 45 44	1
64 45 4c	1
64 45 50	1
64 49 4c	1
64 49 50	1
64 5c 40	1
64 5f 52	1
64 5f 66	1
64 63 2b	1
64 65 45	1
64 65 72	1
64 65 73	1
64 68 40	1
64 69 66	1
64 6c 49	1
64 6f 5f	1
64 74 6f	1
64 75 6d	1
64 af ff	1
65 00 00	1
65 01 00	1
65 2a 40	1
65 2e 41	1
65 34 49	1
65 34 73	1
65 45 4e	1
65 45 62	1
65 49 50	1
65 53 35	1
65 5f 6d	1
65 5f 70	1
65 5f 73	1
65 5f 74	1
65 61 74	1
65 63 52	1
65 63 6b	1
65 64 20	1
65 66 40	1
65 68 5f	1
65 6e 45	1
65 6e 61	1
65 6e 63	1
65 6e 6d	1
65 72 54	1
65 72 74	1
65 73 73	1
65 73 75	1
65 74 5f	1
65 74 65	1
65 74 66	1
65 74 68	1
65 74 6c	1
65 78 69	1
65 78 74	1
65 b8 f2	1
65 fb ff	1
66 06 00	1
66 0c 07	1
66 14 40	1
66 2e 63	1
66 45 50	1
66 65 72	1
66 66 2e	1
66 66 65	1
66 69 6e	1
66 69 72	1
66 6c 61	1
66 f5 ff	1
66 f6 ff	1
66 f8 ff	1
66 fa ff	1
67 01 62	1
67 45 31	1
67 49 64	1
67 6c 6f	1
67 6d 65	1
67 6d 6f	1
67 6f 74	1
67 73 53	1
67 73 74	1
67 78 78	1
68 00 00	1
68 01 00	1
68 04 00	1
68 05 00	1
68 07 00	1
68 08 b8	1
68 0a 00	1
68 0b 00	1
68 0d 00	1
68 0f 00	1
68 10 00	1
68 13 00	1
68 16 00	1
68 1c 00	1
68 1f 00	1
68 22 00	1
68 25 00	1
68 28 00	1
68 2b 00	1
68 2e 00	1
68 65 63	1
68 72 6f	1
68 e2 ff	1
68 fa ff	1
69 02 00	1
69 09 00	1
69 40 40	1
69 49 50	1
69 62 36	1
69 62 63	1
69 62 67	1
69 69 64	1
69 6c 65	1
69 6e 00	1
69 6e 5f	1
69 6e 65	1
69 6e 73	1
69 6e 74	1
69 6e 75	1
69 6f 6e	1
69 74 00	1
69 74 40	1
69 74 79	1
69 d8 ff	1
69 e0 ff	1
69 f0 ff	1
6a 25 99	1
6a 46 40	1
6a 4e 40	1
6b 05 89	1
6b 0c 07	1
6b 5f 6c	1
6b b6 00	1
6b e8 ff	1
6c 00 00	1
6c 01 00	1
6c 05 00	1
6c 0c 07	1
6c 0e 38	1
6c 14 00	1
6c 43 31	1
6c 43 32	1
6c 45 52	1
6c 61 2e	1
6c 61 40	1
6c 6f 62	1
6c 70 76	1
6c 73 45	1
6c 73 49	1
6d 00 00	1
6d 00 2e	1
6d 49 50	1
6d 49 54	1
6d 50 4b	1
6d 52 4b	1
6d 5f 63	1
6d 61 78	1
6d 65 00	1
6d 65 40	1
6d 65 5f	1
6d 65 74	1
6d 6d 65	1
6d 6d 79	1
6d 6f 64	1
6d 6f 6e	1
6d 79 5f	1
6d d8 10	1
6d f8 01	1
6e 00 2e	1
6e 04 00	1
6e 20 00	1
6e 45 6d	1
6e 53 74	1
6e 5f 73	1
6e 5f 75	1
6e 61 6c	1
6e 64 00	1
6e 64 6c	1
6e 65 54	1
6e 67 5f	1
6e 69 5f	1
6e 6f 74	1
6e 73 79	1
6e 74 00	1
6e 74 72	1
6e 75 2e	1
6e 77 69	1
6e e2 ff	1
6f 02 00	1
6f 0c 07	1
6f 20 6f	1
6f 2e 31	1
6f 2e 36	1
6f 53 5f	1
6f 5f 67	1
6f 5f 68	1
6f 64 61	1
6f 64 65	1
6f 66 45	1
6f 69 00	1
6f 72 73	1
6f 73 65	1
6f 73 74	1
6f 74 2e	1
6f 74 65	1
6f 77 40	1
6f 79 45	1
70 00 2e	1
70 00 5f	1
70 07 00	1
70 09 00	1
70 0d 00	1
70 14 00	1
70 16 40	1
70 65 45	1
70 65 72	1
70 70 00	1
70 74 72	1
70 75 6c	1
70 79 45	1
70 a8 ff	1
70 de ff	1
71 05 00	1
72 03 00	1
72 43 6c	1
72 45 6d	1
72 48 89	1
72 54 4d	1
72 61 73	1
72 64 49	1
72 65 67	1
72 65 6c	1
72 65 6e	1
72 65 74	1
72 6f 6d	1
72 72 61	1
72 73 5f	1
72 73 69	1
72 73 6f	1
72 74 00	1
72 74 61	1
72 74 73	1
72 7b 20	1
72 f3 ff	1
73 00 72	1
73 2e 73	1
73 31 33	1
73 34 64	1
73 34 73	1
73 40 40	1
73 44 31	1
73 45 50	1
73 52 4b	1
73 53 5f	1
73 5f 4f	1
73 5f 6f	1
73 5f 73	1
73 61 53	1
73 65 00	1
73 65 34	1
73 65 64	1
73 65 6c	1
73 68 00	1
73 68 73	1
73 69 6f	1
73 6f 6e	1
73 70 4c	1
73 73 00	1
73 73 65	1
73 74 5f	1
73 75 5f	1
74 00 46	1
74 00 61	1
74 02 00	1
74 02 40	1
74 0d 83	1
74 10 48	1
74 15 e8	1
74 17 48	1
74 2e 63	1
74 31 38	1
74 31 39	1
74 31 48	1
74 32 32	1
74 33 64	1
74 34 63	1
74 34 65	1
74 35 be	1
74 37 67	1
74 38 5f	1
74 44 31	1
74 45 76	1
74 5f 5f	1
74 5f 61	1
74 5f 6d	1
74 5f 6f	1
74 61 00	1
74 61 45	1
74 61 62	1
74 61 64	1
74 61 74	1
74 64 04	1
74 64 69	1
74 65 45	1
74 65 71	1
74 69 76	1
74 6c 69	1
74 6c 73	1
74 6f 20	1
74 6f 69	1
74 72 74	1
74 72 79	1
74 75 66	1
74 79 5f	1
74 e1 ff	1
74 f4 5d	1
74 fb ff	1
75 06 90	1
75 07 b8	1
75 0c 07	1
75 10 48	1
75 1e bf	1
75 27 81	1
75 2e 62	1
75 62 5f	1
75 69 6c	1
75 6d 65	1
75 a0 48	1
75 c0 48	1
75 d0 c7	1
75 dd c9	1
75 e4 48	1
75 e7 19	1
75 f4 89	1
75 f7 ff	1
75 f8 83	1
75 f8 8b	1
76 00 70	1
76 00 73	1
76 02 00	1
76 09 c7	1
76 0a 00	1
76 13 40	1
76 20 00	1
76 30 40	1
76 45 32	1
76 50 54	1
76 52 53	1
76 5f 52	1
76 65 72	1
77 00 5f	1
77 00 6c	1
77 01 00	1
77 02 5d	1
77 69 6e	1
77 6d 40	1
77 6d 50	1
77 f0 ff	1
78 10 07	1
78 2d 78	1
78 45 4e	1
78 49 6d	1
78 5f 66	1
78 5f 73	1
78 6d 69	1
78 6e 65	1
78 78 5f	1
78 78 6d	1
78 78 6e	1
78 d7 ff	1
78 f6 ff	1
78 fc ff	1
79 00 6e	1
79 45 50	1
79 5f 61	1
79 5f 62	1
79 5f 65	1
79 6d 74	1
79 6e 00	1
79 70 65	1
79 74 65	1
7a 00 00	1
7a 50 4c	1
7a 7c 20	1
7a af ff	1
7b 04 00	1
7c 03 00	1
7c 04 00	1
7c 0c 07	1
7c 5d 40	1
7c 65 40	1
7c c3 ff	1
7c e6 ff	1
7d 0a 54	1
7d a4 01	1
7d b1 ff	1
7d b8 48	1
7d dc 00	1
7d e8 89	1
7d e8 ff	1
7d f0 00	1
7d f8 ff	1
7d fc 01	1
7e 00 00	1
7e 0b 00	1
7e de ff	1
7e f9 ff	1
7f 08 00	1
7f 45 4c	1
7f 48 89	1
7f d4 48	1
7f d7 48	1
7f e2 ff	1
80 00 00	1
80 06 00	1
80 08 00	1
80 25 05	1
80 3d c9	1
80 48 40	1
80 68 40	1
80 b5 ff	1
80 bf 58	1
80 f6 ff	1
81 0c 00	1
81 7d f8	1
81 c4 70	1
81 c4 98	1
81 c4 c8	1
81 ec 70	1
81 ec 98	1
81 ec c8	1
82 01 00	1
82 07 00	1
82 e2 ff	1
82 e4 ff	1
83 02 00	1
83 03 72	1
83 03 7c	1
83 04 02	1
83 27 05	1
83 3d e8	1
83 45 d8	1
83 45 e8	1
83 45 f8	1
83 6d e0	1
83 7d dc	1
83 7d fc	1
83 bd 6c	1
83 c4 08	1
83 c4 18	1
83 e4 f0	1
83 ea 18	1
83 ec 08	1
83 ec 18	1
83 ec 30	1
83 ec 60	1
83 f8 0e	1
84 00 00	1
84 02 00	1
84 05 00	1
84 2b 00	1
84 99 00	1
84 c0 75	1
84 e2 ff	1
85 0f fe	1
85 10 fe	1
85 12 05	1
85 13 fd	1
85 18 ff	1
85 20 fe	1
85 28 ff	1
85 30 fc	1
85 30 fe	1
85 40 fd	1
85 44 fd	1
85 48 fd	1
85 48 ff	1
85 4c fd	1
85 50 fe	1
85 58 40	1
85 6b ff	1
85 6c fd	1
85 70 fd	1
85 70 fe	1
85 70 ff	1
85 88 fe	1
85 90 f6	1
85 ac fe	1
85 b0 fa	1
85 b0 fe	1
85 b4 fe	1
85 b5 fd	1
85 b8 fe	1
85 c0 0f	1
85 c0 74	1
85 c0 75	1
85 c9 74	1
85 d8 fe	1
85 de fd	1
85 e8 fe	1
85 ee fd	1
85 f0 fe	1
85 fe fd	1
86 15 40	1
86 55 40	1
86 5f 40	1
86 61 40	1
86 d0 ff	1
86 d2 ff	1
87 06 00	1
87 56 40	1
88 0a fa	1
88 10 00	1
88 12 00	1
88 17 00	1
88 40 00	1
88 68 00	1
88 68 40	1
88 ee ff	1
89 00 00	1
89 01 48	1
89 0a 48	1
89 10 48	1
89 10 5d	1
89 2e 00	1
89 42 28	1
89 42 40	1
89 45 88	1
89 45 a4	1
89 45 b0	1
89 45 d8	1
89 45 e0	1
89 50 0c	1
89 50 10	1
89 50 18	1
89 51 08	1
89 55 98	1
89 55 c0	1
89 55 e0	1
89 5c 40	1
89 63 40	1
89 75 b0	1
89 75 e4	1
89 7c 24	1
89 7d a8	1
89 7d d0	1
89 7d d8	1
89 85 60	1
89 85 6c	1
89 85 c0	1
89 85 d0	1
89 85 f0	1
89 95 30	1
89 95 38	1
89 95 68	1
89 9d 38	1
89 b5 30	1
89 bd 30	1
89 bd 78	1
89 bd 8c	1
89 c5 48	1
89 d1 ba	1
89 d8 eb	1
89 e1 48	1
89 e3 e9	1
89 e3 eb	1
89 e5 89	1
89 e5 be	1
89 f3 48	1
89 f6 41	1
89 f6 44	1
89 ff 41	1
8a 01 e9	1
8a 0b ab	1
8a 7b 20	1
8a e1 ff	1
8a e3 ff	1
8b 00 4c	1
8b 00 c9	1
8b 01 e7	1
8b 05 05	1
8b 12 48	1
8b 30 48	1
8b 40 0c	1
8b 4d d8	1
8b 55 18	1
8b 55 88	1
8b 55 90	1
8b 55 b0	1
8b 55 fc	1
8b 85 20	1
8b 85 50	1
8b 85 58	1
8b 85 6c	1
8b 85 70	1
8b 8d 3c	1
8b 8d 40	1
8b 8d 70	1
8b 95 20	1
8b 95 30	1
8b 95 40	1
8b 95 50	1
8b 95 60	1
8b 95 68	1
8b 95 70	1
8b 95 90	1
8b 9d 70	1
8b bd 78	1
8b bd a4	1
8b ec ff	1
8c 04 83	1
8c 05 48	1
8c 11 3e	1
8c 12 00	1
8d 00 ff	1
8d 04 8c	1
8d 05 8c	1
8d 2d 38	1
8d 30 fc	1
8d 45 80	1
8d 45 b0	1
8d 48 10	1
8d 4d 80	1
8d 50 f0	1
8d 50 ff	1
8d 55 b0	1
8d 55 e8	1
8d 55 f0	1
8d 58 e0	1
8d 60 08	1
8d 60 f0	1
8d 60 ff	1
8d 80 fe	1
8d 85 0f	1
8d 85 58	1
8d 85 6c	1
8d 85 78	1
8d 85 a4	1
8d 85 bc	1
8d 85 c0	1
8d 85 cf	1
8d 85 de	1
8d 85 df	1
8d 85 ee	1
8d 85 ef	1
8d 85 fe	1
8d 85 ff	1
8d 88 fe	1
8d 8d 10	1
8d 8d 20	1
8d 8d 70	1
8d 8d e0	1
8d 95 00	1
8d 95 0f	1
8d 95 20	1
8d 95 30	1
8d 95 d0	1
8d 95 de	1
8d 95 ee	1
8d 95 f0	1
8d 95 fe	1
8d a0 fe	1
8d a5 d8	1
8d a5 e8	1
8d b0 fe	1
8d b5 20	1
8e 01 05	1
8e 02 00	1
8e db ff	1
8e f7 ff	1
8f 00 00	1
8f 02 45	1
8f 05 00	1
8f 60 00	1
8f fb ff	1
90 01 00	1
90 01 07	1
90 0e 40	1
90 0f 1f	1
90 1a 00	1
90 41 57	1
90 48 8d	1
90 e2 ff	1
90 f6 ff	1
90 fe ff	1
91 00 00	1
91 12 88	1
91 18 00	1
91 2d 00	1
91 45 40	1
91 e1 ff	1
92 08 00	1
92 2a 40	1
92 7c 20	1
92 c1 ff	1
92 d1 ff	1
92 d7 ff	1
92 de ff	1
93 17 05	1
93 dd ff	1
94 04 00	1
94 0d 00	1
94 62 40	1
94 b4 ff	1
94 d7 ff	1
94 ef ff	1
95 28 ff	1
95 30 fc	1
95 48 ff	1
95 50 fd	1
95 50 ff	1
95 5a 40	1
95 68 fe	1
95 78 fe	1
95 b0 fe	1
95 c0 84	1
95 dc ff	1
96 00 00	1
96 14 40	1
96 4d 40	1
96 e2 ff	1
97 01 00	1
97 03 00	1
97 09 00	1
97 10 05	1
97 26 05	1
97 63 40	1
97 e9 ff	1
98 02 40	1
98 15 00	1
98 48 89	1
99 02 00	1
99 04 00	1
99 05 05	1
99 10 00	1
99 e1 ff	1
9a d4 ff	1
9a f1 ff	1
9b 2b 00	1
9b ef ff	1
9c 00 00	1
9c 03 00	1
9c 08 00	1
9c 0b 00	1
9c 91 00	1
9c b5 ff	1
9d 00 00	1
9d 20 ff	1
9d 30 fc	1
9d 30 ff	1
9d 38 ff	1
9d 40 ff	1
9d a0 fe	1
9d bc fe	1
9d e6 ff	1
9d f5 ff	1
9d f6 ff	1
9f 0b 00	1
a0 00 00	1
a0 03 d5	1
a0 08 00	1
a0 0e 00	1
a0 16 40	1
a0 19 00	1
a0 48 8d	1
a0 d7 ff	1
a0 f8 ff	1
a0 ff ff	1
a1 d0 ff	1
a2 17 05	1
a2 51 40	1
a2 62 40	1
a2 7b 20	1
a2 ad ff	1
a2 c1 ff	1
a2 d9 ff	1
a2 e2 ff	1
a2 f6 ff	1
a3 0c 07	1
a3 45 40	1
a3 5c 40	1
a4 00 00	1
a4 00 75	1
a4 01 00	1
a4 06 00	1
a4 09 00	1
a4 0c 00	1
a4 15 00	1
a4 4d 40	1
a5 25 05	1
a5 2d 00	1
a5 30 fc	1
a5 b8 fe	1
a5 d0 ff	1
a6 01 00	1
a6 10 3e	1
a6 13 40	1
a7 0a 00	1
a7 27 05	1
a7 59 40	1
a7 91 60	1
a7 e2 ff	1
a8 05 b7	1
a8 0c 00	1
a8 18 00	1
a8 5f 40	1
a8 aa ff	1
a8 ba 64	1
a8 e5 ff	1
a8 f8 ff	1
a8 ff ff	1
a9 48 40	1
aa 00 00	1
aa 02 00	1
aa 7c 20	1
ab 00 00	1
ab 01 e7	1
ab 05 00	1
ab 0a 00	1
ab f8 ff	1
ac 0a 00	1
ac 13 00	1
ac 49 40	1
ac 55 40	1
ac f4 ff	1
ac fe ff	1
ad 00 00	1
ad 30 fc	1
ad ff ff	1
ae 11 05	1
ae 2d 40	1
ae e1 ff	1
ae ff ff	1
af dd ff	1
af f3 ff	1
b0 01 00	1
b0 08 00	1
b0 13 00	1
b0 48 29	1
b0 48 8b	1
b0 51 40	1
b0 92 60	1
b0 f2 0f	1
b0 fa ff	1
b1 04 00	1
b1 0f 05	1
b1 2e 00	1
b1 63 40	1
b2 0b 00	1
b2 48 8b	1
b3 04 00	1
b3 ff ff	1
b4 00 00	1
b4 06 00	1
b4 0e 00	1
b4 19 00	1
b4 25 05	1
b4 2d 40	1
b4 92 60	1
b4 bb ff	1
b4 d4 ff	1
b4 fe ff	1
b5 30 fc	1
b5 40 fc	1
b5 70 fe	1
b6 15 40	1
b6 18 00	1
b6 7b 20	1
b6 ce ff	1
b6 f8 ff	1
b7 0c 07	1
b7 18 00	1
b7 5b 40	1
b7 db ff	1
b7 fc ff	1
b8 48 89	1
b8 4c 40	1
b8 f5 ff	1
b9 02 00	1
b9 2d 00	1
b9 ff ff	1
ba 08 00	1
ba 18 68	1
ba 55 40	1
ba 60 40	1
ba 7b 20	1
ba de ff	1
ba ff ff	1
bb 00 00	1
bb 05 00	1
bb 26 05	1
bc 04 00	1
bc 0c 07	1
bc 0f 00	1
bc cb ff	1
bc ff ff	1
bd 04 00	1
bd 11 32	1
bd 8c f6	1
be 03 00	1
be 20 68	1
be 5e 40	1
be 60 68	1
be 62 68	1
be b0 15	1
be b4 92	1
be de ff	1
be ff ff	1
bf 0c 07	1
bf 2a 00	1
bf 58 00	1
bf 66 40	1
bf b4 92	1
bf ff ff	1
c0 00 00	1
c0 05 00	1
c0 0f 3e	1
c0 0f 85	1
c0 11 00	1
c0 16 00	1
c0 2a 40	1
c0 48 83	1
c0 48 c7	1
c0 74 05	1
c0 74 38	1
c0 92 60	1
c0 e1 ff	1
c0 e3 ff	1
c0 fa ff	1
c0 fd ff	1
c1 2c 00	1
c1 48 85	1
c1 76 07	1
c1 f1 ff	1
c1 f8 03	1
c2 0f 84	1
c2 57 40	1
c2 73 06	1
c2 74 31	1
c2 7c 20	1
c2 bb ff	1
c2 ff ff	1
c3 0f 1f	1
c3 0f 95	1
c3 25 05	1
c3 48 c7	1
c3 4c 89	1
c3 b8 00	1
c3 e8 38	1
c3 e8 5d	1
c3 eb 17	1
c3 f4 ff	1
c4 04 00	1
c4 05 00	1
c4 08 c3	1
c4 10 00	1
c4 10 5b	1
c4 2c 40	1
c4 40 5b	1
c4 48 89	1
c4 48 8b	1
c4 51 00	1
c4 64 40	1
c4 e2 ff	1
c4 f9 ff	1
c5 02 00	1
c5 2b 00	1
c5 ff ff	1
c6 14 40	1
c6 18 00	1
c6 4c 40	1
c6 62 40	1
c6 bf 10	1
c6 bf a0	1
c7 00 00	1
c7 40 04	1
c7 40 10	1
c7 40 1c	1
c7 45 d0	1
c7 45 d4	1
c7 45 dc	1
c7 45 e8	1
c7 85 48	1
c7 85 50	1
c7 85 58	1
c7 b4 2d	1
c7 c0 00	1
c7 e8 03	1
c7 e8 04	1
c7 e8 05	1
c7 e8 07	1
c7 e8 0b	1
c7 e8 13	1
c7 e8 14	1
c7 e8 15	1
c7 e8 19	1
c7 e8 1d	1
c7 e8 1e	1
c7 e8 1f	1
c7 e8 22	1
c7 e8 26	1
c7 e8 2f	1
c7 e8 31	1
c7 e8 34	1
c7 e8 35	1
c7 e8 36	1
c7 e8 42	1
c7 e8 44	1
c7 e8 46	1
c7 e8 4e	1
c7 e8 52	1
c7 e8 53	1
c7 e8 59	1
c7 e8 5a	1
c7 e8 62	1
c7 e8 6c	1
c7 e8 6d	1
c7 e8 73	1
c7 e8 74	1
c7 e8 7b	1
c7 e8 7c	1
c7 e8 80	1
c7 e8 8b	1
c7 e8 8d	1
c7 e8 8f	1
c7 e8 91	1
c7 e8 93	1
c7 e8 96	1
c7 e8 97	1
c7 e8 9c	1
c7 e8 9e	1
c7 e8 a8	1
c7 e8 a9	1
c7 e8 ab	1
c7 e8 ad	1
c7 e8 b4	1
c7 e8 b6	1
c7 e8 b8	1
c7 e8 c0	1
c7 e8 c2	1
c7 e8 c3	1
c7 e8 c4	1
c7 e8 c6	1
c7 e8 c7	1
c7 e8 c9	1
c7 e8 cf	1
c7 e8 d2	1
c7 e8 d5	1
c7 e8 d6	1
c7 e8 db	1
c7 e8 dc	1
c7 e8 de	1
c7 e8 e0	1
c7 e8 e1	1
c7 e8 e3	1
c7 e8 e6	1
c7 e8 e8	1
c7 e8 ea	1
c7 e8 eb	1
c7 e8 ec	1
c7 e8 f1	1
c7 e8 f3	1
c7 e8 f4	1
c7 e8 f5	1
c7 e8 f9	1
c7 e8 fa	1
c7 fd ff	1
c8 0f 00	1
c8 19 00	1
c8 76 09	1
c8 d2 ff	1
c8 dd ff	1
c8 e2 ff	1
c8 f8 ff	1
c8 ff ff	1
c9 74 12	1
c9 f5 ff	1
c9 ff ff	1
ca 06 00	1
ca 08 00	1
ca db ff	1
ca e1 ff	1
cb 27 05	1
cb cb ff	1
cb cd 11	1
cc 00 00	1
cc 03 00	1
cc 05 00	1
cc 0a 00	1
cc 11 00	1
cc 17 05	1
cc 38 b4	1
cc 43 7e	1
cc 45 40	1
cc 58 40	1
cd 2d 00	1
cd 4d 40	1
ce e1 ff	1
cf c1 ff	1
cf d8 ff	1
cf f0 ff	1
d0 09 00	1
d0 0d 00	1
d0 14 00	1
d0 48 d1	1
d0 4c 89	1
d0 5d c3	1
d0 8b 00	1
d0 8d 00	1
d0 c9 c3	1
d0 e8 7a	1
d1 01 00	1
d1 5e 48	1
d1 ba 00	1
d2 00 00	1
d2 25 05	1
d2 74 f4	1
d2 7b 20	1
d2 7c 20	1
d2 df ff	1
d2 e3 ff	1
d2 fb ff	1
d3 05 00	1
d3 af 6b	1
d3 bb ff	1
d4 03 00	1
d4 5f 40	1
d4 62 40	1
d4 7c 20	1
d4 e1 ff	1
d5 41 54	1
d6 07 00	1
d6 12 05	1
d6 13 40	1
d6 2a 00	1
d6 d7 ff	1
d6 d8 ff	1
d6 ff ff	1
d7 02 00	1
d7 48 8b	1
d7 65 40	1
d8 01 48	1
d8 48 3b	1
d8 48 c1	1
d8 4c 89	1
d8 54 40	1
d8 e1 ff	1
d8 e9 6b	1
d8 eb 1d	1
d9 48 89	1
d9 cf ff	1
d9 ff ff	1
da 17 00	1
da ca ff	1
da d7 ff	1
da df ff	1
db 02 00	1
db 17 c1	1
db 74 10	1
db 84 c0	1
db ee ff	1
dc 00 00	1
dc 02 82	1
dc 0c 07	1
dc 5a 40	1
dc 60 40	1
dc 87 40	1
dc dc ff	1
dc f2 ff	1
dc f6 ff	1
dd 05 00	1
dd 0b 00	1
dd 29 40	1
dd 48 8d	1
dd 61 40	1
dd 7c 20	1
dd fd ff	1
de 51 40	1
de 58 40	1
de f1 ff	1
de fd ff	1
df 01 00	1
df 26 05	1
df e8 0f	1
df e8 20	1
df e8 23	1
df e8 49	1
df e8 70	1
df e8 79	1
e0 06 00	1
e0 07 00	1
e0 0b 00	1
e0 0f 1f	1
e0 10 48	1
e0 15 40	1
e0 16 40	1
e0 47 40	1
e0 48 83	1
e0 48 c1	1
e0 5e 40	1
e0 89 c7	1
e0 ce ff	1
e0 eb 6a	1
e0 ef ff	1
e0 fe ff	1
e1 00 00	1
e1 25 05	1
e1 2d 00	1
e1 d0 ff	1
e2 18 40	1
e2 48 89	1
e2 4c 89	1
e2 63 40	1
e2 89 de	1
e3 08 00	1
e3 11 05	1
e3 e9 be	1
e4 02 00	1
e4 0b 00	1
e4 48 8b	1
e4 89 50	1
e4 f2 0f	1
e4 fb ff	1
e5 0c 07	1
e5 31 db	1
e5 41 56	1
e5 5d c3	1
e5 74 64	1
e5 89 7d	1
e5 e8 7e	1
e5 ff d0	1
e6 04 00	1
e6 15 40	1
e6 48 40	1
e6 f3 ff	1
e7 be 5b	1
e7 ff ff	1
e8 00 00	1
e8 01 03	1
e8 03 cf	1
e8 04 e4	1
e8 06 06	1
e8 06 ea	1
e8 06 f0	1
e8 08 03	1
e8 09 f2	1
e8 0a 04	1
e8 0f 01	1
e8 0f f6	1
e8 0f fa	1
e8 12 00	1
e8 12 0b	1
e8 13 02	1
e8 16 e4	1
e8 17 00	1
e8 17 dc	1
e8 17 e9	1
e8 18 0a	1
e8 18 e1	1
e8 1a 04	1
e8 1d e4	1
e8 1d f4	1
e8 1e d4	1
e8 1e e2	1
e8 1e f8	1
e8 1f 0b	1
e8 23 c6	1
e8 23 ca	1
e8 24 0a	1
e8 25 0a	1
e8 28 07	1
e8 28 ef	1
e8 28 ff	1
e8 29 d0	1
e8 2a 03	1
e8 2c 06	1
e8 2f de	1
e8 2f fa	1
e8 2f fc	1
e8 31 05	1
e8 31 e0	1
e8 32 bf	1
e8 33 f9	1
e8 36 d1	1
e8 37 fe	1
e8 38 04	1
e8 39 06	1
e8 3a 09	1
e8 3c d2	1
e8 3c dc	1
e8 3c e5	1
e8 3c f5	1
e8 3d c1	1
e8 3d fa	1
e8 3e 05	1
e8 41 e5	1
e8 42 db	1
e8 44 06	1
e8 47 fe	1
e8 48 29	1
e8 48 3b	1
e8 4b de	1
e8 4b ed	1
e8 4c f2	1
e8 4c ff	1
e8 4d ed	1
e8 4e e5	1
e8 4f e4	1
e8 50 f7	1
e8 51 07	1
e8 51 0a	1
e8 51 fc	1
e8 54 d4	1
e8 56 04	1
e8 56 f0	1
e8 58 f9	1
e8 59 0a	1
e8 5c 0a	1
e8 5d f6	1
e8 5f 02	1
e8 62 05	1
e8 63 d4	1
e8 64 d1	1
e8 65 e1	1
e8 67 e0	1
e8 6a db	1
e8 6c 09	1
e8 6d ef	1
e8 6d f5	1
e8 6f 01	1
e8 6f 0a	1
e8 6f 0e	1
e8 71 cc	1
e8 71 fa	1
e8 71 ff	1
e8 72 f6	1
e8 72 f7	1
e8 73 02	1
e8 78 f5	1
e8 79 07	1
e8 79 e6	1
e8 7a e3	1
e8 7a fe	1
e8 7c f6	1
e8 7c ff	1
e8 7d e2	1
e8 7e d2	1
e8 7e e8	1
e8 7f 0a	1
e8 7f ff	1
e8 80 e8	1
e8 80 ff	1
e8 82 05	1
e8 83 09	1
e8 83 c2	1
e8 84 10	1
e8 85 02	1
e8 87 e5	1
e8 88 04	1
e8 88 0a	1
e8 88 f2	1
e8 88 f9	1
e8 89 75	1
e8 8b 40	1
e8 8b dc	1
e8 8c d3	1
e8 8d 05	1
e8 8e c4	1
e8 91 05	1
e8 92 fc	1
e8 94 d6	1
e8 96 d7	1
e8 97 03	1
e8 97 04	1
e8 97 08	1
e8 9a 0b	1
e8 9a dc	1
e8 9a ff	1
e8 9b 00	1
e8 9d b3	1
e8 9d e0	1
e8 a0 05	1
e8 a0 e4	1
e8 a4 d8	1
e8 a4 f3	1
e8 a5 02	1
e8 a5 e4	1
e8 a6 04	1
e8 a7 09	1
e8 a9 d1	1
e8 ad 05	1
e8 af f1	1
e8 b0 d3	1
e8 b0 ff	1
e8 b2 e4	1
e8 b2 ef	1
e8 b3 e3	1
e8 b4 01	1
e8 b5 d0	1
e8 b5 e6	1
e8 b6 0b	1
e8 b6 f2	1
e8 b8 d3	1
e8 b9 d0	1
e8 b9 ee	1
e8 ba 07	1
e8 bb 0b	1
e8 bd ff	1
e8 c0 03	1
e8 c0 08	1
e8 c0 d2	1
e8 c1 cf	1
e8 c2 af	1
e8 c2 fa	1
e8 c4 03	1
e8 c7 06	1
e8 c8 d3	1
e8 c9 04	1
e8 ca df	1
e8 cb d6	1
e8 cb dc	1
e8 cc f7	1
e8 cd c7	1
e8 ce 0a	1
e8 d3 f9	1
e8 d4 b4	1
e8 d7 d3	1
e8 d8 e5	1
e8 d9 fc	1
e8 da 09	1
e8 da ff	1
e8 dc b5	1
e8 dc f2	1
e8 dd e5	1
e8 e3 f7	1
e8 e3 ff	1
e8 e4 06	1
e8 e4 0c	1
e8 e5 f0	1
e8 e6 d3	1
e8 eb ca	1
e8 eb e4	1
e8 eb f0	1
e8 ec ee	1
e8 ed cf	1
e8 f0 e1	1
e8 f0 fc	1
e8 f1 f8	1
e8 f5 d0	1
e8 f5 d3	1
e8 f5 ee	1
e8 f6 f2	1
e8 f7 ef	1
e8 f8 cf	1
e8 f8 e2	1
e8 fa ca	1
e8 fa d1	1
e8 fb e9	1
e8 fc fe	1
e8 fe d0	1
e8 fe ff	1
e9 00 ff	1
e9 10 01	1
e9 10 fe	1
e9 16 01	1
e9 20 fd	1
e9 27 02	1
e9 2a 02	1
e9 30 ff	1
e9 40 fe	1
e9 44 89	1
e9 50 fd	1
e9 60 ff	1
e9 6f 01	1
e9 70 fe	1
e9 73 ff	1
e9 80 02	1
e9 80 fd	1
e9 86 00	1
e9 90 ff	1
e9 93 00	1
e9 a0 fe	1
e9 ae 00	1
e9 b0 fd	1
e9 b1 02	1
e9 c0 ff	1
e9 cb 00	1
e9 d0 fe	1
e9 d1 00	1
e9 d4 01	1
e9 d5 02	1
e9 d6 02	1
e9 e0 fd	1
e9 eb 11	1
e9 f0 fc	1
ea 00 00	1
ea 18 48	1
ea 59 40	1
ea 7b 20	1
ea d6 ff	1
eb 05 b8	1
eb 1a 48	1
eb 1d 48	1
eb 22 48	1
eb 24 83	1
eb 57 48	1
eb 75 ea	1
eb e3 ff	1
ec 02 00	1
ec 08 e8	1
ec 09 00	1
ec 0c 00	1
ec 10 89	1
ec 12 00	1
ec 40 48	1
ec 4a 40	1
ec 60 48	1
ec 98 01	1
ec da ff	1
ec e1 ff	1
ec ff ff	1
ed 03 00	1
ed 2a 00	1
ed 49 89	1
ed 74 1e	1
ee 48 89	1
ee 5a 40	1
ee 5d 40	1
ee 5e 40	1
ee 62 40	1
ee fd ff	1
ef 0b 00	1
f0 00 00	1
f0 01 84	1
f0 25 05	1
f0 5d c3	1
f0 89 50	1
f0 8d 00	1
f0 d4 ff	1
f0 eb 04	1
f0 eb 19	1
f0 fc ff	1
f2 11 4d	1
f2 45 40	1
f2 e2 ff	1
f2 f8 ff	1
f3 c4 ff	1
f4 01 00	1
f4 07 00	1
f4 09 28	1
f4 0d 00	1
f4 89 10	1
f4 db ff	1
f5 2d 00	1
f5 ee ff	1
f5 fe ff	1
f6 12 87	1
f6 14 40	1
f6 17 40	1
f6 57 40	1
f7 04 00	1
f7 48 40	1
f7 fd ff	1
f8 00 7f	1
f8 01 00	1
f8 04 5d	1
f8 10 00	1
f8 75 02	1
f8 c9 c3	1
f8 dd ff	1
f8 eb 22	1
f8 eb 25	1
f9 00 00	1
f9 02 00	1
fa 01 d5	1
fa 5b 40	1
fb 04 05	1
fb 06 00	1
fb 0a 05	1
fb 19 00	1
fb fb ff	1
fc 00 79	1
fc 04 00	1
fc 63 40	1
fc eb ff	1
fc ee ff	1
fc ef ff	1
fc f0 ff	1
fc f1 ff	1
fc f2 ff	1
fc f3 ff	1
fc f4 ff	1
fc f5 ff	1
fc f7 d0	1
fc f7 ff	1
fc fd ff	1
fc fe ff	1
fd 00 00	1
fd 05 00	1
fd 10 05	1
fd f3 ff	1
fe 01 00	1
fe d9 ff	1
fe ec ff	1
fe f6 ff	1
fe f8 ff	1
fe fd ff	1
ff 00 06	1
ff 00 08	1
ff 00 12	1
ff 01 08	1
ff 01 0c	1
ff 01 13	1
ff 01 bf	1
ff 01 de	1
ff 02 00	1
ff 03 25	1
ff 08 10	1
ff 08 17	1
ff 08 1a	1
ff 10 03	1
ff 11 00	1
ff 14 dc	1
ff 18 0a	1
ff 18 0e	1
ff 18 15	1
ff 1c 00	1
ff 20 00	1
ff 20 08	1
ff 20 0c	1
ff 22 00	1
ff 25 05	1
ff 25 0a	1
ff 25 22	1
ff 25 3a	1
ff 25 52	1
ff 25 62	1
ff 25 6a	1
ff 25 7a	1
ff 25 82	1
ff 25 92	1
ff 25 9a	1
ff 25 aa	1
ff 25 b2	1
ff 25 c2	1
ff 25 ca	1
ff 25 da	1
ff 25 f2	1
ff 28 18	1
ff 2a 00	1
ff 30 13	1
ff 32 00	1
ff 35 00	1
ff 38 00	1
ff 38 11	1
ff 3c 00	1
ff 40 07	1
ff 40 0f	1
ff 40 16	1
ff 44 89	1
ff 46 00	1
ff 48 00	1
ff 48 0b	1
ff 48 19	1
ff 48 c7	1
ff 49 89	1
ff 4c 8b	1
ff 50 09	1
ff 50 0d	1
ff 50 14	1
ff 58 00	1
ff 5b 00	1
ff 5e 00	1
ff 5e 17	1
ff 60 06	1
ff 68 10	1
ff 68 12	1
ff 68 17	1
ff 6f 00	1
ff 70 1a	1
ff 73 00	1
ff 78 15	1
ff 7a 00	1
ff 80 0a	1
ff 80 0e	1
ff 83 45	1
ff 88 0c	1
ff 88 18	1
ff 89 9d	1
ff 8b 9d	1
ff 90 13	1
ff 98 05	1
ff a0 11	1
ff a0 16	1
ff a8 0f	1
ff a8 19	1
ff b0 09	1
ff b0 0b	1
ff b0 0d	1
ff b0 14	1
ff b8 07	1
ff ba 18	1
ff bb 00	1
ff bb 01	1
ff bc 00	1
ff be 30	1
ff be 34	1
ff be 60	1
ff be 62	1
ff be b0	1
ff bf 00	1
ff c0 06	1
ff c0 08	1
ff c6 00	1
ff c7 85	1
ff c8 10	1
ff c8 12	1
ff c8 17	1
ff c9 00	1
ff d0 1a	1
ff e0 08	1
ff e0 0a	1
ff e0 0e	1
ff e0 15	1
ff e1 00	1
ff e2 0f	1
ff e8 0c	1
ff e8 18	1
ff e9 14	1
ff e9 27	1
ff e9 2d	1
ff e9 41	1
ff e9 50	1
ff e9 7d	1
ff e9 95	1
ff e9 97	1
ff e9 9d	1
ff e9 aa	1
ff e9 b1	1
ff e9 e2	1
ff e9 e8	1
ff e9 eb	1
ff ea 00	1
ff eb 0e	1
ff eb 24	1
ff eb 25	1
ff eb 2f	1
ff eb 5e	1
ff eb 6b	1
ff eb 70	1
ff ed ff	1
ff f0 13	1
ff f4 66	1
ff ff 04	1
ff ff 08	1
ff ff 10	1
ff ff 14	1
ff ff 18	1
ff ff 1d	1
ff ff 1e	1
ff ff 22	1
ff ff 29	1
ff ff 2a	1
ff ff 2b	1
ff ff 34	1
ff ff 3d	1
ff ff 3e	1
ff ff 40	1
ff ff 43	1
ff ff 49	1
ff ff 53	1
ff ff 5d	1
ff ff 68	1
ff ff 70	1
ff ff 7a	1
ff ff 84	1
ff ff 89	1
ff ff 8e	1
ff ff b0	1
ff ff d0	1
ff ff d1	1
ff ff f2	1
