00 00 00	272
00 00 73	41
00 00 74	39
03 00 00	28
00 00 52	25
28 00 00	19
00 00 28	18
04 00 00	17
00 28 00	16
06 00 00	14
74 03 00	14
64 02 00	13
65 72 73	13
74 04 00	13
00 64 02	12
01 00 00	12
02 00 00	12
08 00 00	12
00 7c 02	11
01 00 64	11
05 00 00	11
07 00 00	11
61 70 79	11
63 61 70	11
6c 61 79	11
70 79 74	11
73 63 61	11
7c 02 00	11
00 36 64	10
00 83 02	10
61 63 6b	10
61 79 65	10
64 01 00	10
74 07 00	10
79 65 72	10
00 00 5a	9
70 61 63	9
00 00 2f	8
00 00 4e	8
00 00 7c	8
00 2f 75	8
00 73 34	8
01 07 01	8
01 0c 01	8
02 00 64	8
02 00 83	8
04 00 64	8
0a 00 00	8
0b 00 00	8
2d 70 61	8
2e 37 2f	8
2e 70 79	8
2f 6c 61	8
2f 6c 69	8
2f 6e 74	8
2f 70 79	8
2f 73 63	8
2f 73 69	8
2f 75 73	8
32 2e 37	8
34 00 00	8
37 2f 73	8
61 67 65	8
62 2f 70	8
63 6b 61	8
65 2d 70	8
65 73 2f	8
67 65 73	8
68 6f 6e	8
69 62 2f	8
69 74 65	8
6b 61 67	8
6c 69 62	8
6e 32 2e	8
6e 74 70	8
6f 6e 32	8
70 2e 70	8
70 79 2f	8
72 2f 6c	8
72 73 2f	8
73 2f 6e	8
73 2f 73	8
73 34 00	8
73 69 74	8
73 72 2f	8
74 65 2d	8
74 68 6f	8
74 70 2e	8
75 73 72	8
79 2f 6c	8
79 74 68	8
00 00 01	7
00 00 64	7
00 00 69	7
00 64 01	7
00 64 03	7
00 64 09	7
00 74 03	7
00 74 07	7
00 84 00	7
09 00 00	7
64 03 00	7
64 09 00	7
65 6c 64	7
69 65 6c	7
69 6d 65	7
74 06 00	7
74 08 00	7
83 02 00	7
83 03 00	7
84 00 00	7
00 53 28	6
00 74 04	6
00 83 03	6
01 00 7c	6
01 0a 01	6
07 01 07	6
28 03 00	6
4e 54 50	6
64 00 00	6
7c 00 00	6
83 01 00	6
00 00 43	5
00 00 5f	5
00 43 00	5
00 64 00	5
00 65 07	5
00 7c 00	5
00 7c 01	5
00 83 01	5
02 00 65	5
03 00 6a	5
07 00 64	5
0c 00 00	5
28 01 00	5
43 00 00	5
46 69 65	5
65 07 00	5
70 79 52	5
74 09 00	5
74 69 6d	5
7c 01 00	5
00 00 03	4
00 00 06	4
00 00 42	4
00 00 70	4
00 00 72	4
00 03 00	4
00 52 05	4
00 5f 5f	4
00 65 04	4
00 73 74	4
00 74 01	4
00 74 09	4
01 00 83	4
01 0f 01	4
02 00 74	4
03 00 64	4
03 00 65	4
0e 00 00	4
0f 00 00	4
52 03 00	4
52 05 00	4
63 03 00	4
65 04 00	4
69 6f 6e	4
6d 65 74	4
6d 6f 64	4
6f 6e 74	4
73 69 6f	4
73 74 72	4
74 01 00	4
74 02 00	4
74 05 00	4
74 0a 00	4
74 0b 00	4
83 00 00	4
00 00 63	3
00 00 6a	3
00 00 6d	3
00 00 6e	3
00 52 03	3
00 5a 01	3
00 64 06	3
00 64 0b	3
00 64 19	3
00 69 32	3
00 6a 05	3
00 6b 08	3
00 72 65	3
00 73 63	3
00 73 65	3
00 74 02	3
00 74 06	3
00 74 0b	3
00 83 00	3
01 00 74	3
01 63 03	3
02 00 53	3
05 00 64	3
05 00 7c	3
08 00 64	3
08 00 72	3
09 00 64	3
0a 00 64	3
0c 01 0a	3
0c 01 0c	3
0d 00 00	3
10 00 00	3
16 00 00	3
17 00 00	3
19 00 83	3
1a 00 00	3
28 02 00	3
28 06 00	3
52 02 00	3
52 0a 00	3
52 0b 00	3
52 16 00	3
52 1a 00	3
5a 01 00	3
63 00 00	3
64 06 00	3
64 0b 00	3
64 19 00	3
65 05 00	3
65 74 08	3
69 6e 74	3
6a 05 00	3
6b 08 00	3
6f 72 74	3
70 79 2e	3
72 73 69	3
73 02 00	3
74 0c 00	3
76 65 72	3
83 02 02	3
00 00 05	2
00 00 59	2
00 00 62	2
00 00 65	2
00 00 66	2
00 00 6b	2
00 00 6c	2
00 00 76	2
00 00 83	2
00 01 00	2
00 01 0c	2
00 01 64	2
00 05 00	2
00 06 02	2
00 36 83	2
00 42 00	2
00 42 69	2
00 4e 54	2
00 4e 69	2
00 4e 73	2
00 52 08	2
00 52 0a	2
00 52 0e	2
00 52 0f	2
00 52 16	2
00 52 53	2
00 54 64	2
00 59 5a	2
00 5a 02	2
00 5a 05	2
00 64 04	2
00 64 0a	2
00 64 0c	2
00 64 1e	2
00 64 1f	2
00 64 20	2
00 64 21	2
00 64 2a	2
00 64 65	2
00 65 00	2
00 65 03	2
00 65 05	2
00 66 01	2
00 6a 01	2
00 6a 04	2
00 6e 6f	2
00 70 72	2
00 73 02	2
00 73 06	2
00 73 70	2
00 73 79	2
00 74 00	2
00 74 05	2
00 74 0c	2
00 7d 02	2
01 00 53	2
01 00 6a	2
01 04 01	2
01 12 01	2
01 18 01	2
02 00 36	2
02 00 7c	2
02 02 65	2
02 0c 01	2
03 00 36	2
03 00 53	2
03 00 6c	2
04 00 65	2
05 00 01	2
05 00 5a	2
06 00 36	2
06 00 64	2
06 02 0c	2
07 01 0a	2
09 00 36	2
0a 01 07	2
0a 01 0f	2
0b 00 64	2
0c 00 64	2
0c 01 04	2
0f 01 0f	2
10 00 64	2
1e 00 64	2
1f 00 64	2
20 00 00	2
20 00 64	2
21 00 83	2
2a 00 83	2
2b 00 00	2
2c 20 25	2
2e 30 2e	2
30 30 30	2
36 83 04	2
40 00 00	2
42 00 00	2
42 69 74	2
49 00 00	2
52 04 00	2
52 08 00	2
52 0e 00	2
52 0f 00	2
52 17 00	2
52 53 28	2
53 28 02	2
53 28 03	2
54 50 20	2
54 50 2e	2
54 64 01	2
54 69 6d	2
5a 02 00	2
5a 05 00	2
5a 0a 00	2
5f 5f 52	2
61 6d 65	2
63 6b 65	2
64 04 00	2
64 05 00	2
64 07 00	2
64 08 00	2
64 0a 00	2
64 0c 00	2
64 1e 00	2
64 1f 00	2
64 20 00	2
64 21 00	2
64 2a 00	2
64 74 08	2
64 75 6c	2
65 00 00	2
65 03 00	2
65 5f 5f	2
65 6e 74	2
65 72 76	2
65 74 03	2
65 74 06	2
65 74 07	2
65 74 52	2
66 01 00	2
66 69 65	2
66 74 04	2
69 04 00	2
69 08 00	2
69 20 00	2
69 6e 75	2
69 76 65	2
6a 01 00	2
6a 04 00	2
6b 65 74	2
6c 64 52	2
6c 64 73	2
6c 64 74	2
6d 69 6e	2
6e 61 6d	2
6e 65 74	2
6e 75 74	2
6f 64 65	2
6f 64 75	2
70 6f 72	2
70 72 69	2
72 65 63	2
72 76 65	2
73 06 00	2
73 65 72	2
73 79 6d	2
74 00 00	2
74 46 69	2
74 65 69	2
75 6c 65	2
75 74 65	2
76 65 74	2
79 6d 5f	2
7d 02 00	2
83 04 00	2
ff ff ff	2
00 00 02	1
00 00 04	1
00 00 07	1
00 00 0a	1
00 00 0f	1
00 00 13	1
00 00 14	1
00 00 1f	1
00 00 24	1
00 00 25	1
00 00 2a	1
00 00 2b	1
00 00 2d	1
00 00 31	1
00 00 3c	1
00 00 40	1
00 00 46	1
00 00 49	1
00 00 50	1
00 00 53	1
00 00 54	1
00 00 55	1
00 00 61	1
00 00 67	1
00 00 6f	1
00 00 84	1
00 01 12	1
00 01 4e	1
00 01 63	1
00 02 00	1
00 04 00	1
00 06 00	1
00 06 01	1
00 07 00	1
00 0a 4e	1
00 0f 00	1
00 13 00	1
00 14 00	1
00 17 53	1
00 17 64	1
00 17 83	1
00 18 83	1
00 1f 00	1
00 24 00	1
00 25 61	1
00 28 02	1
00 28 09	1
00 2a 28	1
00 2b 00	1
00 2d 2d	1
00 31 32	1
00 3c 6d	1
00 40 00	1
00 46 69	1
00 49 50	1
00 4e 28	1
00 4e 6f	1
00 50 61	1
00 52 02	1
00 52 06	1
00 52 0b	1
00 52 10	1
00 52 17	1
00 52 18	1
00 52 19	1
00 52 1a	1
00 53 74	1
00 53 7c	1
00 54 69	1
00 55 44	1
00 5a 00	1
00 5a 03	1
00 5a 04	1
00 5a 06	1
00 5a 09	1
00 5a 0a	1
00 5f 4e	1
00 61 6e	1
00 62 69	1
00 62 72	1
00 63 03	1
00 63 6c	1
00 63 6f	1
00 64 07	1
00 64 08	1
00 64 11	1
00 64 13	1
00 64 15	1
00 64 17	1
00 64 18	1
00 64 1a	1
00 64 1b	1
00 64 1c	1
00 64 1d	1
00 64 22	1
00 64 23	1
00 64 24	1
00 64 25	1
00 64 26	1
00 64 27	1
00 64 28	1
00 64 29	1
00 64 69	1
00 64 70	1
00 65 09	1
00 65 0a	1
00 65 0b	1
00 66 69	1
00 66 72	1
00 67 0d	1
00 67 6d	1
00 69 02	1
00 69 04	1
00 69 08	1
00 69 20	1
00 69 64	1
00 69 6e	1
00 6a 00	1
00 6a 02	1
00 6a 03	1
00 6a 08	1
00 6b 00	1
00 6c 01	1
00 6c 02	1
00 6c 03	1
00 6c 04	1
00 6c 65	1
00 6c 6f	1
00 6d 05	1
00 6d 6b	1
00 6d 6f	1
00 6d 79	1
00 6e 00	1
00 6e 61	1
00 6f 72	1
00 70 6b	1
00 70 6f	1
00 72 10	1
00 72 2e	1
00 72 32	1
00 72 36	1
00 73 08	1
00 73 0c	1
00 73 0d	1
00 73 10	1
00 73 1d	1
00 73 1e	1
00 73 2c	1
00 73 36	1
00 73 3d	1
00 73 41	1
00 73 49	1
00 73 4f	1
00 73 68	1
00 73 69	1
00 73 85	1
00 74 08	1
00 74 0a	1
00 74 0e	1
00 74 0f	1
00 74 69	1
00 74 79	1
00 76 61	1
00 76 65	1
00 83 05	1
01 00 17	1
01 00 5a	1
01 00 6b	1
01 00 84	1
01 09 03	1
01 10 04	1
01 12 02	1
01 22 01	1
01 24 01	1
01 28 06	1
01 4e 28	1
01 64 00	1
01 64 02	1
01 64 05	1
02 00 18	1
02 00 54	1
02 00 67	1
02 00 6b	1
02 00 6c	1
02 00 6e	1
02 00 7d	1
02 00 84	1
02 01 64	1
02 02 01	1
02 06 02	1
02 16 18	1
02 65 05	1
02 65 06	1
02 74 05	1
03 00 54	1
03 00 69	1
03 00 7d	1
03 00 83	1
03 00 84	1
03 09 08	1
03 f3 0d	1
04 00 17	1
04 00 6c	1
04 00 6d	1
04 00 74	1
04 01 12	1
04 01 63	1
04 06 02	1
05 00 52	1
05 00 65	1
05 74 03	1
06 00 17	1
06 00 65	1
06 01 09	1
06 02 06	1
06 02 16	1
07 00 66	1
07 00 6a	1
07 00 84	1
08 00 65	1
08 00 7c	1
08 09 05	1
09 00 66	1
09 00 69	1
09 00 83	1
09 00 84	1
09 03 09	1
09 05 74	1
09 08 09	1
0a 00 52	1
0a 00 65	1
0a 01 0a	1
0a 01 10	1
0a 36 a5	1
0a 4e 54	1
0a 69 ff	1
0b 00 65	1
0b 00 83	1
0c 01 12	1
0c 01 22	1
0d 00 5a	1
0d 00 64	1
0d 0a 36	1
0e 00 64	1
0f 00 64	1
0f 01 0c	1
0f 01 18	1
10 04 06	1
10 0e 00	1
11 00 00	1
11 00 36	1
12 00 64	1
12 01 0c	1
12 01 24	1
12 02 74	1
13 00 00	1
13 00 36	1
14 00 00	1
14 00 64	1
15 00 36	1
16 00 64	1
16 18 16	1
17 00 36	1
17 53 74	1
17 64 01	1
17 83 03	1
18 00 00	1
18 00 64	1
18 01 0c	1
18 01 18	1
18 16 22	1
18 83 01	1
19 00 00	1
1a 00 64	1
1b 00 00	1
1b 00 64	1
1c 00 64	1
1d 00 00	1
1d 00 64	1
1e 00 00	1
1f 00 00	1
20 25 48	1
20 25 4e	1
20 25 59	1
20 25 62	1
20 25 64	1
20 28 4e	1
20 2b 30	1
20 50 72	1
20 54 69	1
20 76 25	1
21 00 00	1
22 00 64	1
22 01 28	1
23 00 64	1
24 00 00	1
24 00 83	1
24 01 63	1
25 00 64	1
25 28 01	1
25 2c 20	1
25 48 3a	1
25 4d 3a	1
25 4e 54	1
25 53 20	1
25 59 20	1
25 61 2c	1
25 62 20	1
25 64 20	1
25 69 72	1
26 00 64	1
27 00 64	1
28 00 64	1
28 04 00	1
28 09 00	1
28 0b 00	1
28 0c 00	1
28 0d 00	1
28 2b 00	1
28 4e 65	1
29 00 84	1
29 2e 0a	1
2a 28 01	1
2b 30 30	1
2c 00 00	1
2c 4e 54	1
2d 2d 73	1
2d 73 1b	1
2e 00 74	1
2e 0a 69	1
2e 31 74	1
2e 66 69	1
2e 69 6e	1
2e 6c 61	1
2e 6d 6f	1
2e 70 61	1
2e 76 65	1
30 28 06	1
30 2e 30	1
30 2e 31	1
30 30 28	1
31 32 37	1
31 74 03	1
32 00 7c	1
32 37 2e	1
32 68 74	1
32 69 28	1
32 6d 28	1
32 72 65	1
36 00 00	1
36 00 74	1
36 64 05	1
36 64 07	1
36 64 08	1
36 64 0d	1
36 64 0e	1
36 64 0f	1
36 64 10	1
36 64 12	1
36 64 14	1
36 64 16	1
36 a5 99	1
37 00 00	1
37 2e 30	1
3a 25 4d	1
3a 25 53	1
3c 6d 6f	1
3d 01 00	1
3e 08 00	1
41 00 00	1
41 53 45	1
42 41 53	1
44 50 49	1
45 54 49	1
45 6e 75	1
45 74 04	1
46 69 78	1
48 3a 25	1
49 4d 45	1
49 50 46	1
49 80 7e	1
4d 3a 25	1
4d 45 74	1
4e 28 01	1
4e 28 06	1
4e 28 0b	1
4e 65 74	1
4e 69 10	1
4e 69 40	1
4e 6f 6e	1
4e 73 02	1
4e 73 21	1
4f 00 00	1
50 20 28	1
50 20 76	1
50 2e 6d	1
50 2e 76	1
50 46 69	1
50 49 80	1
50 5f 42	1
50 61 63	1
50 63 00	1
50 6f 69	1
50 72 6f	1
52 01 00	1
52 06 00	1
52 10 00	1
52 18 00	1
52 19 00	1
52 37 00	1
53 20 2b	1
53 28 01	1
53 28 04	1
53 28 0d	1
53 28 2b	1
53 45 54	1
53 74 03	1
53 74 07	1
53 74 61	1
53 7c 00	1
54 49 4d	1
54 50 5f	1
54 50 63	1
54 63 00	1
55 44 50	1
59 20 25	1
59 5a 08	1
59 5a 0a	1
5a 00 00	1
5a 03 00	1
5a 04 00	1
5a 06 00	1
5a 08 00	1
5a 09 00	1
5f 28 03	1
5f 42 41	1
5f 4e 54	1
5f 52 04	1
5f 52 0b	1
5f 5f 28	1
5f 5f 64	1
5f 5f 69	1
5f 5f 6d	1
5f 5f 6e	1
5f 5f 74	1
5f 61 63	1
5f 62 69	1
5f 64 65	1
5f 64 6f	1
5f 69 6e	1
5f 6c 61	1
5f 6d 6f	1
5f 6e 61	1
5f 70 61	1
5f 74 0a	1
61 2c 20	1
61 63 5f	1
61 63 74	1
61 64 63	1
61 6c 28	1
61 6d 70	1
61 6e 79	1
61 70 69	1
61 72 6e	1
61 72 79	1
61 73 73	1
61 73 74	1
61 74 65	1
61 74 75	1
61 75 6c	1
61 79 74	1
62 20 25	1
62 69 6e	1
62 69 74	1
62 72 6f	1
63 01 00	1
63 52 37	1
63 5f 5f	1
63 5f 62	1
63 61 73	1
63 69 03	1
63 69 73	1
63 6c 69	1
63 6f 6c	1
63 6f 6e	1
63 74 69	1
63 76 74	1
64 0d 00	1
64 0e 00	1
64 0f 00	1
64 10 00	1
64 11 00	1
64 12 00	1
64 13 00	1
64 14 00	1
64 15 00	1
64 16 00	1
64 17 00	1
64 18 00	1
64 1a 00	1
64 1b 00	1
64 1c 00	1
64 1d 00	1
64 20 25	1
64 22 00	1
64 23 00	1
64 24 00	1
64 25 00	1
64 26 00	1
64 27 00	1
64 28 00	1
64 29 00	1
64 50 6f	1
64 52 02	1
64 52 03	1
64 5f 6c	1
64 63 00	1
64 63 61	1
64 65 25	1
64 65 66	1
64 65 6c	1
64 65 73	1
64 65 74	1
64 69 73	1
64 6f 63	1
64 70 6f	1
64 73 09	1
64 73 5f	1
64 73 74	1
64 74 0a	1
65 06 00	1
65 09 00	1
65 0a 00	1
65 0b 00	1
65 20 50	1
65 25 28	1
65 28 03	1
65 3e 08	1
65 52 0a	1
65 53 74	1
65 61 70	1
65 63 69	1
65 63 76	1
65 64 50	1
65 64 74	1
65 66 61	1
65 66 74	1
65 69 01	1
65 69 07	1
65 69 20	1
65 6c 61	1
65 6c 66	1
65 70 72	1
65 72 69	1
65 73 63	1
65 73 65	1
65 74 0b	1
65 74 74	1
65 74 77	1
66 28 01	1
66 61 75	1
66 72 61	1
66 74 69	1
67 0d 00	1
67 6d 69	1
67 6d 74	1
67 74 04	1
67 74 0a	1
68 6f 72	1
68 74 0d	1
69 00 00	1
69 01 00	1
69 02 00	1
69 03 00	1
69 05 00	1
69 06 00	1
69 07 00	1
69 0a 00	1
69 10 00	1
69 10 0e	1
69 28 03	1
69 32 68	1
69 32 6d	1
69 32 72	1
69 40 00	1
69 64 73	1
69 65 6e	1
69 67 74	1
69 6e 64	1
69 6e 65	1
69 6e 67	1
69 6e 69	1
69 72 2c	1
69 73 69	1
69 73 70	1
69 74 45	1
69 74 46	1
69 74 5f	1
69 74 73	1
69 76 61	1
69 78 65	1
69 7a 65	1
69 7b 00	1
69 ff ff	1
6a 00 00	1
6a 02 00	1
6a 03 00	1
6a 08 00	1
6b 00 00	1
6b 20 54	1
6b 74 69	1
6b 74 74	1
6c 01 00	1
6c 02 00	1
6c 03 00	1
6c 04 00	1
6c 28 00	1
6c 29 2e	1
6c 64 63	1
6c 65 3e	1
6c 65 5f	1
6c 65 61	1
6c 66 74	1
6c 69 06	1
6c 69 0a	1
6c 69 65	1
6c 6c 69	1
6c 6f 6e	1
6c 74 28	1
6d 05 00	1
6d 28 03	1
6d 46 69	1
6d 5f 61	1
6d 5f 70	1
6d 61 72	1
6d 65 20	1
6d 65 28	1
6d 65 52	1
6d 65 53	1
6d 65 5f	1
6d 69 08	1
6d 6b 74	1
6d 6d 61	1
6d 70 46	1
6d 74 69	1
6d 79 73	1
6e 00 00	1
6e 25 2c	1
6e 63 69	1
6e 64 5f	1
6e 67 6d	1
6e 67 74	1
6e 69 6e	1
6e 69 74	1
6e 6f 74	1
6e 6f 77	1
6e 74 02	1
6e 74 04	1
6e 74 05	1
6e 74 46	1
6e 74 52	1
6e 74 63	1
6e 74 66	1
6e 74 72	1
6e 74 74	1
6e 75 6d	1
6e 79 32	1
6f 61 64	1
6f 63 5f	1
6f 63 6f	1
6f 69 6e	1
6f 6c 29	1
6f 6c 69	1
6f 6c 6c	1
6f 6e 25	1
6f 6e 65	1
6f 6e 67	1
6f 72 69	1
6f 72 6b	1
6f 74 6f	1
6f 74 73	1
6f 77 61	1
70 46 69	1
70 61 73	1
70 65 72	1
70 65 74	1
70 69 00	1
70 6b 74	1
70 6f 6c	1
70 72 17	1
70 72 65	1
70 74 69	1
72 10 00	1
72 17 00	1
72 2c 4e	1
72 2e 00	1
72 32 00	1
72 36 00	1
72 61 63	1
72 61 74	1
72 65 66	1
72 65 70	1
72 65 73	1
72 66 74	1
72 69 04	1
72 69 67	1
72 69 6e	1
72 69 76	1
72 6b 20	1
72 6e 69	1
72 6f 61	1
72 6f 6c	1
72 6f 74	1
72 70 74	1
72 73 28	1
72 73 2e	1
72 74 03	1
72 74 28	1
72 74 69	1
72 74 6d	1
72 79 49	1
73 08 00	1
73 09 00	1
73 0c 00	1
73 0d 00	1
73 10 00	1
73 1b 00	1
73 1d 00	1
73 1e 00	1
73 21 00	1
73 28 00	1
73 2c 00	1
73 2e 69	1
73 36 00	1
73 3d 01	1
73 41 00	1
73 49 00	1
73 4f 00	1
73 5f 64	1
73 63 52	1
73 65 6c	1
73 65 6e	1
73 68 6f	1
73 69 10	1
73 69 76	1
73 69 7a	1
73 70 65	1
73 70 6f	1
73 70 72	1
73 73 69	1
73 74 11	1
73 74 69	1
73 75 6d	1
73 79 6e	1
73 85 00	1
74 0d 00	1
74 0e 00	1
74 0f 00	1
74 11 00	1
74 28 00	1
74 28 0c	1
74 45 6e	1
74 52 01	1
74 52 0b	1
74 52 1a	1
74 5f 5f	1
74 61 6d	1
74 63 01	1
74 65 74	1
74 66 28	1
74 69 05	1
74 69 76	1
74 69 7b	1
74 6d 69	1
74 6f 63	1
74 72 61	1
74 72 66	1
74 72 6f	1
74 72 70	1
74 72 74	1
74 73 69	1
74 73 79	1
74 74 03	1
74 74 06	1
74 74 0c	1
74 75 6d	1
74 77 6f	1
74 79 70	1
75 6c 74	1
75 6d 46	1
75 6d 69	1
75 6d 6d	1
76 25 69	1
76 61 6c	1
76 61 74	1
76 65 64	1
76 74 04	1
77 61 72	1
77 6f 72	1
78 65 64	1
79 2e 66	1
79 2e 6c	1
79 2e 70	1
79 32 69	1
79 49 00	1
79 52 02	1
79 52 04	1
79 52 16	1
79 52 17	1
79 52 1a	1
79 6e 63	1
79 70 65	1
79 73 75	1
79 74 04	1
79 74 06	1
79 74 08	1
79 74 09	1
7a 65 69	1
7b 00 00	1
7e aa 83	1
80 7e aa	1
83 05 00	1
85 00 00	1
99 54 63	1
a5 99 54	1
aa 83 00	1
f3 0d 0a	1
ff 4e 28	1
ff ff 4e	1
