00 00	535
00 64	86
02 00	52
03 00	52
00 74	49
01 00	44
00 73	41
04 00	31
00 52	27
70 79	27
00 83	25
05 00	23
00 7c	21
06 00	20
08 00	20
28 00	20
07 00	19
00 28	18
00 65	18
6e 74	17
09 00	16
2f 6c	16
2f 73	16
65 72	16
73 2f	16
6f 6e	15
73 69	15
65 74	14
74 03	14
00 5a	13
0a 00	13
64 02	13
72 73	13
74 04	13
00 36	12
0b 00	12
61 63	12
61 70	12
63 61	12
69 74	12
73 63	12
79 74	12
00 6a	11
61 79	11
6c 61	11
6c 69	11
74 65	11
7c 02	11
0c 01	10
36 64	10
63 6b	10
64 01	10
65 73	10
70 61	10
74 07	10
79 65	10
83 02	10
00 01	9
00 69	9
2e 70	9
65 6c	9
68 6f	9
69 6e	9
6d 65	9
00 2f	8
00 4e	8
00 53	8
01 07	8
01 0c	8
07 01	8
2d 70	8
2e 37	8
2f 6e	8
2f 70	8
2f 75	8
32 2e	8
34 00	8
37 2f	8
53 28	8
5f 5f	8
61 67	8
62 2f	8
65 2d	8
67 65	8
69 62	8
69 65	8
6b 61	8
6e 32	8
70 2e	8
72 2f	8
73 34	8
73 72	8
74 68	8
74 69	8
74 70	8
75 73	8
79 2f	8
00 72	7
00 84	7
0c 00	7
64 03	7
64 09	7
69 6d	7
6c 64	7
74 06	7
74 08	7
83 03	7
84 00	7
00 6c	6
01 0a	6
0a 01	6
28 03	6
46 69	6
4e 54	6
54 50	6
64 00	6
73 74	6
76 65	6
7c 00	6
83 01	6
00 43	5
00 5f	5
0d 00	5
0e 00	5
0f 00	5
10 00	5
20 25	5
28 01	5
43 00	5
64 65	5
65 07	5
6f 72	5
72 65	5
74 09	5
74 72	5
79 52	5
7c 01	5
00 03	4
00 06	4
00 42	4
00 66	4
00 6b	4
00 6d	4
00 6e	4
00 70	4
01 0f	4
06 02	4
0f 01	4
16 00	4
17 00	4
19 00	4
1a 00	4
20 00	4
52 03	4
52 05	4
63 03	4
65 04	4
69 6f	4
6d 6f	4
6f 64	4
70 72	4
72 69	4
72 74	4
73 65	4
74 01	4
74 02	4
74 05	4
74 0a	4
74 0b	4
83 00	4
00 17	3
00 54	3
00 63	3
01 12	3
01 63	3
01 64	3
02 02	3
1e 00	3
1f 00	3
21 00	3
28 02	3
28 06	3
30 30	3
4e 28	3
52 02	3
52 0a	3
52 0b	3
52 16	3
52 1a	3
53 74	3
5a 01	3
61 6d	3
63 00	3
64 06	3
64 0b	3
64 19	3
64 20	3
64 73	3
64 74	3
65 05	3
65 69	3
66 74	3
69 32	3
69 76	3
6a 05	3
6b 08	3
6c 65	3
6d 69	3
6e 75	3
6f 6c	3
70 6f	3
72 6f	3
73 02	3
73 70	3
73 79	3
74 0c	3
74 52	3
74 74	3
75 6c	3
75 6d	3
79 2e	3
ff ff	3
00 05	2
00 59	2
00 62	2
00 67	2
00 76	2
00 7d	2
01 04	2
01 18	2
02 0c	2
02 65	2
04 01	2
11 00	2
12 01	2
13 00	2
14 00	2
18 00	2
18 01	2
1b 00	2
1d 00	2
24 00	2
2a 00	2
2b 00	2
2c 20	2
2e 30	2
30 2e	2
36 00	2
36 83	2
3a 25	2
40 00	2
42 00	2
42 69	2
49 00	2
4e 69	2
4e 73	2
50 20	2
50 2e	2
52 04	2
52 08	2
52 0e	2
52 0f	2
52 17	2
52 53	2
54 64	2
54 69	2
59 5a	2
5a 02	2
5a 05	2
5a 0a	2
5f 52	2
5f 64	2
61 72	2
61 73	2
61 74	2
62 69	2
63 5f	2
63 69	2
63 6f	2
64 04	2
64 05	2
64 07	2
64 08	2
64 0a	2
64 0c	2
64 1e	2
64 1f	2
64 21	2
64 2a	2
64 52	2
64 63	2
64 75	2
65 00	2
65 03	2
65 5f	2
65 63	2
65 64	2
65 66	2
65 6e	2
66 01	2
66 69	2
67 6d	2
67 74	2
69 04	2
69 08	2
69 10	2
69 20	2
69 73	2
6a 01	2
6a 04	2
6b 65	2
6b 74	2
6d 5f	2
6e 61	2
6e 65	2
6e 67	2
6e 69	2
6e 6f	2
6f 63	2
6f 74	2
70 65	2
72 61	2
72 76	2
73 06	2
74 00	2
74 28	2
74 46	2
74 73	2
75 74	2
76 61	2
79 6d	2
7d 02	2
83 04	2
00 02	1
00 04	1
00 07	1
00 0a	1
00 0f	1
00 13	1
00 14	1
00 18	1
00 1f	1
00 24	1
00 25	1
00 2a	1
00 2b	1
00 2d	1
00 31	1
00 3c	1
00 40	1
00 46	1
00 49	1
00 50	1
00 55	1
00 61	1
00 6f	1
01 09	1
01 10	1
01 22	1
01 24	1
01 28	1
01 4e	1
02 01	1
02 06	1
02 16	1
02 74	1
03 09	1
03 f3	1
04 06	1
05 74	1
06 01	1
08 09	1
09 03	1
09 05	1
09 08	1
0a 36	1
0a 4e	1
0a 69	1
0d 0a	1
10 04	1
10 0e	1
12 00	1
12 02	1
15 00	1
16 18	1
16 22	1
17 53	1
17 64	1
17 83	1
18 16	1
18 83	1
1c 00	1
20 28	1
20 2b	1
20 50	1
20 54	1
20 76	1
22 00	1
22 01	1
23 00	1
24 01	1
25 00	1
25 28	1
25 2c	1
25 48	1
25 4d	1
25 4e	1
25 53	1
25 59	1
25 61	1
25 62	1
25 64	1
25 69	1
26 00	1
27 00	1
28 04	1
28 09	1
28 0b	1
28 0c	1
28 0d	1
28 2b	1
28 4e	1
29 00	1
29 2e	1
2a 28	1
2b 30	1
2c 00	1
2c 4e	1
2d 2d	1
2d 73	1
2e 00	1
2e 0a	1
2e 31	1
2e 66	1
2e 69	1
2e 6c	1
2e 6d	1
2e 76	1
30 28	1
31 32	1
31 74	1
32 00	1
32 37	1
32 68	1
32 69	1
32 6d	1
32 72	1
36 a5	1
37 00	1
37 2e	1
3c 6d	1
3d 01	1
3e 08	1
41 00	1
41 53	1
42 41	1
44 50	1
45 54	1
45 6e	1
45 74	1
48 3a	1
49 4d	1
49 50	1
49 80	1
4d 3a	1
4d 45	1
4e 65	1
4e 6f	1
4f 00	1
50 46	1
50 49	1
50 5f	1
50 61	1
50 63	1
50 6f	1
50 72	1
52 01	1
52 06	1
52 10	1
52 18	1
52 19	1
52 37	1
53 20	1
53 45	1
53 7c	1
54 49	1
54 63	1
55 44	1
59 20	1
5a 00	1
5a 03	1
5a 04	1
5a 06	1
5a 08	1
5a 09	1
5f 28	1
5f 42	1
5f 4e	1
5f 61	1
5f 62	1
5f 69	1
5f 6c	1
5f 6d	1
5f 6e	1
5f 70	1
5f 74	1
61 2c	1
61 64	1
61 6c	1
61 6e	1
61 75	1
62 20	1
62 72	1
63 01	1
63 52	1
63 6c	1
63 74	1
63 76	1
64 0d	1
64 0e	1
64 0f	1
64 10	1
64 11	1
64 12	1
64 13	1
64 14	1
64 15	1
64 16	1
64 17	1
64 18	1
64 1a	1
64 1b	1
64 1c	1
64 1d	1
64 22	1
64 23	1
64 24	1
64 25	1
64 26	1
64 27	1
64 28	1
64 29	1
64 50	1
64 5f	1
64 69	1
64 6f	1
64 70	1
65 06	1
65 09	1
65 0a	1
65 0b	1
65 20	1
65 25	1
65 28	1
65 3e	1
65 52	1
65 53	1
65 61	1
65 70	1
66 28	1
66 61	1
66 72	1
67 0d	1
68 74	1
69 00	1
69 01	1
69 02	1
69 03	1
69 05	1
69 06	1
69 07	1
69 0a	1
69 28	1
69 40	1
69 64	1
69 67	1
69 72	1
69 78	1
69 7a	1
69 7b	1
69 ff	1
6a 00	1
6a 02	1
6a 03	1
6a 08	1
6b 00	1
6b 20	1
6c 01	1
6c 02	1
6c 03	1
6c 04	1
6c 28	1
6c 29	1
6c 66	1
6c 6c	1
6c 6f	1
6c 74	1
6d 05	1
6d 28	1
6d 46	1
6d 61	1
6d 6b	1
6d 6d	1
6d 70	1
6d 74	1
6d 79	1
6e 00	1
6e 25	1
6e 63	1
6e 64	1
6e 79	1
6f 61	1
6f 69	1
6f 77	1
70 46	1
70 69	1
70 6b	1
70 74	1
72 10	1
72 17	1
72 2c	1
72 2e	1
72 32	1
72 36	1
72 66	1
72 6b	1
72 6e	1
72 70	1
72 79	1
73 08	1
73 09	1
73 0c	1
73 0d	1
73 10	1
73 1b	1
73 1d	1
73 1e	1
73 21	1
73 28	1
73 2c	1
73 2e	1
73 36	1
73 3d	1
73 41	1
73 49	1
73 4f	1
73 5f	1
73 68	1
73 73	1
73 75	1
73 85	1
74 0d	1
74 0e	1
74 0f	1
74 11	1
74 45	1
74 5f	1
74 61	1
74 63	1
74 66	1
74 6d	1
74 6f	1
74 75	1
74 77	1
74 79	1
76 25	1
76 74	1
77 61	1
77 6f	1
78 65	1
79 32	1
79 49	1
79 6e	1
79 70	1
79 73	1
7a 65	1
7b 00	1
7e aa	1
80 7e	1
83 05	1
85 00	1
99 54	1
a5 99	1
aa 83	1
f3 0d	1
ff 4e	1
