6a 61 76	10
61 2f 6c	8
61 6e 67	8
76 61 2f	7
6c 61 6e	5
00 00 00	4
2f 53 74	4
3b 01 00	4
4c 6a 61	4
53 74 72	4
61 76 61	4
72 69 6e	4
01 00 16	3
67 3b 29	3
00 01 00	2
00 06 00	2
01 00 00	2
0a 00 0b	2
15 28 4c	2
17 00 00	2
2d 28 4c	2
2f 4f 62	2
2f 50 72	2
2f 69 6f	2
4c 69 73	2
54 61 62	2
56 01 00	2
64 01 00	2
64 65 72	2
65 61 6d	2
67 2f 53	2
69 6e 67	2
69 6e 74	2
6a 65 63	2
6e 67 42	2
74 01 00	2
74 3b 29	2
74 72 69	2
75 69 6c	2
75 74 69	2
b1 00 00	2
00 00 1d	1
00 00 46	1
00 02 00	1
00 03 00	1
00 04 00	1
00 04 14	1
00 04 6d	1
00 05 2a	1
00 05 6b	1
00 05 70	1
00 07 00	1
00 07 76	1
00 09 b2	1
00 0a 00	1
00 0a 53	1
00 0a bb	1
00 0b 00	1
00 0b 59	1
00 0c 00	1
00 0d 00	1
00 0e 2b	1
00 0e 6a	1
00 0f 4c	1
00 10 00	1
00 12 00	1
00 13 28	1
00 13 6a	1
00 14 00	1
00 16 00	1
00 17 6a	1
00 19 00	1
00 1d 00	1
00 1e 00	1
00 1e 08	1
00 1e 0a	1
00 20 00	1
00 25 0a	1
00 26 00	1
00 2b 0a	1
00 2c 00	1
00 2e 0a	1
00 2f 00	1
00 33 00	1
00 33 01	1
00 33 0c	1
00 39 07	1
00 3a 00	1
00 41 01	1
00 42 00	1
00 43 0c	1
00 49 01	1
01 00 03	1
01 00 06	1
01 00 07	1
01 00 0a	1
01 00 10	1
01 00 11	1
01 00 13	1
01 00 14	1
01 00 1c	1
01 a7 ff	1
02 00 01	1
02 00 1d	1
02 fd 00	1
03 28 29	1
03 4c 03	1
03 61 64	1
03 6f 75	1
04 43 6f	1
04 73 6f	1
06 3c 69	1
06 61 70	1
07 00 00	1
07 00 1f	1
07 00 2a	1
07 00 37	1
07 00 3f	1
07 00 47	1
07 a2 00	1
07 b9 00	1
08 00 07	1
08 00 22	1
08 02 00	1
08 74 6f	1
09 00 18	1
0a 00 02	1
0a 07 00	1
0b 00 24	1
0b 00 2d	1
0c 00 38	1
0c 00 40	1
0c 00 42	1
0c 00 45	1
0c 00 48	1
0d 53 74	1
0e 6a 61	1
0e 73 6f	1
10 6a 61	1
12 0d b6	1
13 00 00	1
13 00 1e	1
14 00 15	1
15 00 01	1
15 4c 6a	1
15 6a 61	1
1a 00 00	1
1b 01 fa	1
1b 2b b8	1
21 06 40	1
22 00 23	1
27 09 00	1
28 00 0b	1
28 00 29	1
28 29 44	1
28 29 4c	1
28 49 29	1
28 5b 4c	1
2c 0a 00	1
2f 41 72	1
2f 49 6e	1
2f 53 79	1
2f 6c 61	1
2f 75 74	1
30 07 00	1
31 07 00	1
32 01 00	1
34 0c 00	1
35 00 36	1
36 01 00	1
3b 07 00	1
3b 29 56	1
3c 0c 00	1
3d 00 3e	1
3d 1c 10	1
3e 01 00	1
42 75 69	1
44 0c 00	1
45 00 46	1
4a 0a 00	1
4d 61 70	1
4e 75 6d	1
56 00 21	1
57 84 02	1
59 00 00	1
59 b7 00	1
5a 01 00	1
61 0c 00	1
61 2f 75	1
61 63 6b	1
61 69 6e	1
61 6c 75	1
61 74 68	1
62 65 72	1
62 6a 65	1
63 65 46	1
63 74 01	1
64 20 61	1
64 65 01	1
64 6f 6d	1
65 4f 66	1
65 63 74	1
65 72 01	1
67 2f 49	1
67 2f 4d	1
67 2f 4f	1
67 36 2e	1
67 3b 01	1
67 65 72	1
69 6c 2f	1
69 6c 65	1
69 6e 65	1
69 6f 6e	1
69 73 74	1
6c 2f 43	1
6c 2f 4c	1
6c 64 65	1
6c 65 01	1
6c 65 07	1
6d 01 00	1
6e 01 00	1
6e 67 2f	1
6e 69 74	1
6e 74 65	1
6e 74 6c	1
6f 6c 6c	1
6f 75 72	1
70 65 6e	1
70 72 69	1
70 72 6f	1
72 01 00	1
72 61 6e	1
72 61 79	1
72 6f 67	1
72 72 61	1
72 74 01	1
72 74 65	1
73 01 00	1
73 74 65	1
74 07 00	1
74 65 67	1
74 69 6c	1
79 3a 20	1
88 00 05	1
8e b8 00	1
b6 00 0f	1
b6 00 10	1
b6 00 11	1
b7 00 01	1
b7 00 0c	1
bb 00 02	1
be 00 00	1
ca fe ba	1
e5 2b b8	1
