00 00	117
3c 97	24
02 00	12
40 00	10
4d d3	9
ff ff	9
20 83	8
69 9a	8
01 00	7
07 0f	7
48 89	7
65 72	7
d3 34	7
ff 17	7
01 1b	6
34 4d	6
60 17	6
83 0c	6
00 ff	5
07 34	5
14 14	5
19 64	5
48 83	5
55 50	5
5f 76	5
74 68	5
83 5d	5
90 01	5
c1 2e	5
ff 0f	5
ff 1f	5
00 03	4
00 40	4
03 03	4
05 00	4
06 5f	4
07 24	4
07 53	4
07 bb	4
08 1b	4
0c 32	4
0e 36	4
0f b6	4
10 36	4
17 07	4
20 00	4
20 67	4
30 5f	4
32 30	4
36 d8	4
3b 42	4
3e 00	4
43 32	4
4c 8d	4
58 0f	4
5c 1f	4
6c 65	4
73 69	4
84 41	4
8a 16	4
8d 60	4
9a ce	4
9b a6	4
a6 69	4
c9 c1	4
d8 84	4
f3 c3	4
00 01	3
00 06	3
00 07	3
00 1c	3
00 48	3
00 50	3
00 74	3
01 54	3
01 db	3
01 e1	3
02 40	3
02 49	3
02 4e	3
02 b0	3
04 06	3
04 89	3
06 1b	3
07 b4	3
08 17	3
08 c1	3
09 69	3
09 74	3
0a 00	3
0a 61	3
0b 48	3
0c 02	3
0c c8	3
0e 40	3
0f 10	3
0f 6c	3
0f c8	3
0f d8	3
10 03	3
10 37	3
10 6d	3
11 db	3
12 08	3
12 31	3
14 ef	3
16 ea	3
17 08	3
17 10	3
17 16	3
17 22	3
17 36	3
17 6c	3
17 80	3
17 c1	3
17 d8	3
18 90	3
1b 6c	3
1b ec	3
1d 6c	3
1d c2	3
1d ec	3
1f 14	3
1f c2	3
20 0c	3
20 eb	3
21 6c	3
21 ff	3
22 ff	3
24 dd	3
28 95	3
2e 33	3
31 24	3
32 c8	3
34 5f	3
36 30	3
36 61	3
36 84	3
37 90	3
39 39	3
3b 6c	3
3b 7e	3
3c 27	3
3c 30	3
3d 3b	3
3f 34	3
3f 48	3
41 06	3
41 ff	3
43 6c	3
43 d8	3
44 31	3
46 24	3
47 4c	3
48 8b	3
49 54	3
49 63	3
4c 46	3
4e 0e	3
50 08	3
50 58	3
54 56	3
54 5f	3
55 d8	3
58 21	3
58 75	3
5a 77	3
5d c3	3
5d d8	3
5f 40	3
60 00	3
60 0c	3
60 0d	3
60 27	3
61 64	3
61 b1	3
64 47	3
65 20	3
68 65	3
69 3a	3
69 6c	3
6c 73	3
6d 65	3
6d 69	3
6d 6d	3
6d 9a	3
6d df	3
6e 03	3
6e 65	3
6e d3	3
6f 07	3
6f 6e	3
70 72	3
72 00	3
72 61	3
72 69	3
73 5f	3
74 17	3
74 1e	3
74 73	3
76 81	3
77 06	3
77 07	3
77 56	3
77 69	3
80 0c	3
80 40	3
81 04	3
81 31	3
81 34	3
81 70	3
83 17	3
83 21	3
84 0d	3
86 b0	3
8b 00	3
8b 10	3
8b 1e	3
90 31	3
94 0a	3
9a a6	3
a4 1f	3
a6 3b	3
a7 07	3
b0 0b	3
b1 21	3
b8 00	3
bb 30	3
c0 18	3
c0 65	3
c0 80	3
c0 88	3
c1 17	3
c1 86	3
cc 1f	3
cf 5e	3
d7 2f	3
d8 10	3
d8 28	3
d8 30	3
db 75	3
dc 4e	3
dd 11	3
df 17	3
e4 c9	3
e8 66	3
ee 08	3
ee b3	3
ee fc	3
f2 ec	3
fe ff	3
ff 00	3
ff 08	3
00 02	2
00 2c	2
00 3a	2
00 42	2
00 47	2
00 49	2
00 59	2
00 68	2
00 6a	2
00 70	2
00 83	2
00 8b	2
00 c9	2
00 d7	2
00 eb	2
00 f0	2
01 03	2
01 0d	2
01 0f	2
01 41	2
01 81	2
01 85	2
01 99	2
01 d0	2
02 01	2
02 07	2
02 08	2
02 1a	2
02 26	2
02 59	2
02 74	2
02 fe	2
03 04	2
03 0f	2
03 13	2
03 17	2
03 3b	2
03 48	2
03 49	2
03 60	2
03 66	2
03 6e	2
03 72	2
03 a7	2
03 c2	2
03 eb	2
04 00	2
04 07	2
04 0c	2
04 0e	2
04 17	2
04 18	2
04 4d	2
04 4e	2
04 76	2
04 96	2
05 21	2
05 37	2
05 5f	2
05 8c	2
06 03	2
06 32	2
06 3f	2
06 5e	2
06 64	2
06 6c	2
06 72	2
06 89	2
06 8d	2
06 c6	2
07 06	2
07 0b	2
07 1b	2
07 20	2
07 40	2
07 41	2
07 44	2
07 46	2
07 4b	2
07 54	2
07 68	2
07 6c	2
07 c0	2
07 d8	2
08 07	2
08 0d	2
08 0f	2
08 1d	2
08 22	2
08 3f	2
08 5f	2
08 90	2
08 95	2
08 99	2
08 af	2
08 c3	2
08 d0	2
08 e0	2
09 32	2
09 51	2
09 95	2
09 c2	2
0a 19	2
0a 59	2
0a 83	2
0b 0f	2
0b 2c	2
0b 3b	2
0b 46	2
0b 4f	2
0b 53	2
0b 84	2
0b e9	2
0c 07	2
0c 11	2
0c 72	2
0d 07	2
0d 16	2
0d 20	2
0d 21	2
0d 31	2
0d d6	2
0e 19	2
0e ce	2
0f 0b	2
0f 1f	2
0f 2e	2
0f 96	2
0f b1	2
10 04	2
10 06	2
10 0e	2
10 74	2
10 84	2
10 b6	2
10 bf	2
10 e8	2
11 12	2
11 2f	2
11 41	2
11 5f	2
11 e4	2
12 00	2
12 01	2
12 24	2
12 6a	2
13 40	2
14 0c	2
14 35	2
14 39	2
15 00	2
15 0f	2
15 40	2
15 50	2
16 0e	2
16 16	2
16 47	2
16 ec	2
17 03	2
17 20	2
17 24	2
17 2f	2
17 32	2
17 40	2
17 48	2
17 54	2
17 62	2
17 63	2
17 6e	2
17 83	2
17 8c	2
17 8f	2
17 9a	2
17 9d	2
17 b7	2
17 f2	2
18 03	2
18 07	2
18 33	2
18 42	2
18 56	2
18 63	2
18 87	2
18 b0	2
18 d8	2
18 f7	2
19 01	2
19 10	2
19 17	2
19 50	2
19 51	2
19 c2	2
19 e4	2
1a 00	2
1a 04	2
1a 0f	2
1a 17	2
1a 5d	2
1a 72	2
1a ff	2
1b 16	2
1b 7e	2
1b 92	2
1c 08	2
1c 17	2
1c 60	2
1c 61	2
1c cf	2
1c ec	2
1d 58	2
1e 55	2
1e 60	2
1f 02	2
1f 06	2
1f 1c	2
1f 54	2
1f 75	2
1f 8c	2
1f 96	2
1f be	2
1f e4	2
1f f0	2
20 02	2
20 06	2
20 08	2
20 13	2
20 24	2
20 33	2
20 52	2
20 55	2
20 5a	2
20 65	2
20 74	2
20 8d	2
20 97	2
21 6f	2
21 89	2
21 ef	2
22 17	2
22 de	2
23 03	2
23 17	2
23 84	2
23 8c	2
23 ff	2
24 07	2
24 08	2
24 18	2
24 20	2
24 25	2
24 2d	2
24 30	2
24 52	2
24 5d	2
24 74	2
24 9f	2
24 de	2
24 ff	2
25 00	2
25 03	2
25 d8	2
25 ff	2
26 ec	2
26 ff	2
27 0c	2
27 34	2
27 3c	2
27 40	2
27 77	2
27 89	2
27 90	2
27 b0	2
27 ee	2
28 04	2
28 45	2
28 64	2
28 ff	2
29 92	2
29 c8	2
29 d7	2
29 f8	2
2a 2c	2
2a 59	2
2b 04	2
2b 05	2
2b 2e	2
2b 51	2
2b 69	2
2c 08	2
2c 17	2
2c 9b	2
2d 00	2
2d 0e	2
2d 24	2
2d 90	2
2e 01	2
2e 20	2
2e 39	2
2e 84	2
2e ac	2
2f 43	2
2f 60	2
2f 83	2
2f 8c	2
2f 9f	2
2f d0	2
2f fe	2
30 08	2
30 17	2
30 30	2
30 31	2
30 38	2
30 8b	2
30 9a	2
30 dd	2
31 20	2
31 45	2
31 76	2
31 b0	2
32 14	2
32 41	2
32 62	2
32 75	2
32 d8	2
33 07	2
33 17	2
33 5f	2
33 90	2
34 2a	2
34 dd	2
34 ec	2
35 1f	2
35 26	2
35 63	2
35 d8	2
36 0b	2
36 14	2
36 4b	2
36 69	2
37 66	2
38 2c	2
38 36	2
38 c0	2
39 01	2
39 31	2
39 5f	2
39 94	2
39 d8	2
39 eb	2
3a 02	2
3a 64	2
3b 08	2
3b 30	2
3b 84	2
3c 80	2
3e 57	2
3f 06	2
3f 14	2
3f 65	2
3f 74	2
3f 7a	2
3f b0	2
40 02	2
40 03	2
40 08	2
40 43	2
40 9e	2
40 d9	2
40 e0	2
41 41	2
41 4e	2
41 68	2
41 be	2
41 de	2
42 03	2
42 08	2
42 49	2
42 4c	2
42 4e	2
42 76	2
43 1f	2
43 43	2
43 ea	2
44 17	2
44 5a	2
44 d6	2
45 19	2
45 28	2
45 53	2
45 62	2
45 64	2
45 76	2
45 f0	2
46 52	2
47 03	2
47 10	2
47 18	2
47 fc	2
48 08	2
48 0f	2
48 22	2
48 42	2
48 60	2
48 62	2
48 7f	2
48 81	2
48 8d	2
48 a8	2
48 d1	2
48 f4	2
48 ff	2
49 5f	2
49 6e	2
49 89	2
4b 0e	2
4b 9e	2
4c 8b	2
4c 8f	2
4d 32	2
4d 5f	2
4d 67	2
4d 70	2
4d 73	2
4e 16	2
4e 31	2
4e 9e	2
4f b0	2
4f b6	2
50 00	2
50 7d	2
51 28	2
51 76	2
52 14	2
52 4b	2
52 4f	2
52 53	2
53 17	2
53 51	2
53 54	2
53 61	2
53 b1	2
54 1f	2
54 41	2
54 47	2
55 5f	2
55 e0	2
55 f0	2
56 ff	2
57 08	2
58 0d	2
58 10	2
58 1d	2
58 20	2
58 2f	2
58 37	2
58 58	2
58 5f	2
58 61	2
59 14	2
59 47	2
5a 53	2
5b 00	2
5b 41	2
5c 76	2
5c f0	2
5d 17	2
5d 21	2
5e 41	2
5e 64	2
5e 67	2
5e 75	2
5f 01	2
5f 15	2
5f 17	2
5f 2b	2
5f 33	2
5f 4b	2
5f 53	2
5f 62	2
5f 63	2
5f 67	2
5f d8	2
60 03	2
60 1f	2
60 2f	2
60 90	2
60 bb	2
60 bc	2
61 03	2
61 05	2
61 07	2
61 29	2
61 47	2
61 62	2
61 63	2
61 6c	2
61 72	2
61 74	2
61 83	2
61 86	2
61 c0	2
61 c1	2
61 c2	2
62 19	2
62 30	2
62 75	2
62 f0	2
63 27	2
63 29	2
63 57	2
63 68	2
63 72	2
63 c0	2
64 18	2
64 20	2
64 2c	2
64 2e	2
64 42	2
64 5f	2
64 63	2
64 87	2
64 90	2
65 62	2
65 6c	2
65 79	2
66 1e	2
66 66	2
66 83	2
66 90	2
67 07	2
67 08	2
67 17	2
67 68	2
67 74	2
67 ff	2
68 58	2
68 86	2
69 2d	2
69 64	2
69 6f	2
69 73	2
69 74	2
69 78	2
69 8f	2
6a 01	2
6a 57	2
6b 20	2
6b 58	2
6c 09	2
6c 4f	2
6c 76	2
6c a1	2
6d 1c	2
6d 24	2
6d 2f	2
6d 67	2
6d 80	2
6e 45	2
6e 64	2
6e 6f	2
6e 75	2
6e 77	2
6f 6d	2
6f 72	2
6f 74	2
6f 98	2
6f c2	2
70 00	2
70 65	2
70 79	2
70 c2	2
70 c6	2
71 90	2
72 0c	2
72 20	2
72 28	2
72 d0	2
73 65	2
73 73	2
73 74	2
73 9b	2
73 c9	2
74 10	2
74 47	2
74 6d	2
74 86	2
74 dd	2
75 0a	2
75 5d	2
75 6d	2
76 0b	2
76 1e	2
76 73	2
76 b0	2
76 b5	2
77 77	2
77 c2	2
77 db	2
78 10	2
78 38	2
78 5c	2
78 61	2
79 ff	2
7a 20	2
7a 58	2
7b c9	2
7d b8	2
7d eb	2
7e 07	2
7f 10	2
7f 3f	2
7f 45	2
7f 5f	2
7f de	2
80 00	2
80 0d	2
80 47	2
80 60	2
80 c4	2
81 3d	2
81 c5	2
81 db	2
82 14	2
82 55	2
83 05	2
83 0d	2
83 cd	2
83 f9	2
84 17	2
84 5d	2
84 d9	2
84 db	2
85 00	2
85 17	2
85 18	2
85 1d	2
85 2b	2
85 70	2
85 92	2
85 b1	2
86 b2	2
88 00	2
88 37	2
88 58	2
88 88	2
89 39	2
89 c3	2
89 eb	2
89 f0	2
8a 10	2
8a 58	2
8b 1c	2
8b 55	2
8b 59	2
8c 03	2
8c 83	2
8c bb	2
8c c4	2
8c c9	2
8d 14	2
8d 41	2
8d 78	2
8e ef	2
8f fd	2
90 14	2
90 27	2
90 47	2
90 74	2
90 94	2
90 9e	2
90 a4	2
90 d1	2
91 14	2
92 49	2
92 e0	2
93 60	2
94 25	2
95 55	2
97 04	2
97 fd	2
98 05	2
98 18	2
98 2f	2
9a 07	2
9b b0	2
9e 0d	2
9e 96	2
9f 17	2
9f 50	2
a0 01	2
a0 41	2
a0 58	2
a0 61	2
a3 15	2
a4 4d	2
a6 b6	2
a6 eb	2
a7 1d	2
a8 17	2
a9 65	2
ac 57	2
ad db	2
b0 09	2
b0 0f	2
b0 2e	2
b0 5d	2
b0 83	2
b0 96	2
b1 30	2
b2 41	2
b2 f0	2
b3 13	2
b3 36	2
b3 66	2
b3 87	2
b5 4d	2
b6 6f	2
b6 f6	2
b7 69	2
b7 7f	2
b7 ff	2
b8 19	2
b8 76	2
b8 cd	2
b9 43	2
b9 5f	2
ba 07	2
ba 23	2
ba 2b	2
bb 40	2
bb 90	2
bc 11	2
bc 6c	2
bc 82	2
bd 30	2
bd b0	2
be a4	2
be b0	2
bf 01	2
bf 03	2
bf 06	2
bf 17	2
bf 2f	2
bf b0	2
bf f0	2
c0 04	2
c0 20	2
c0 48	2
c0 84	2
c0 ba	2
c1 06	2
c1 2f	2
c1 5e	2
c1 83	2
c2 17	2
c2 26	2
c3 4c	2
c3 90	2
c3 91	2
c3 d0	2
c5 b0	2
c6 8b	2
c7 14	2
c8 00	2
c8 05	2
c8 0f	2
c8 13	2
c8 14	2
c8 80	2
c8 d9	2
c9 41	2
c9 81	2
c9 c3	2
c9 d8	2
cb 0e	2
cb 18	2
cb 19	2
cc 00	2
cc 01	2
cd 17	2
cf 17	2
d0 0e	2
d0 48	2
d0 74	2
d0 c9	2
d1 1e	2
d2 09	2
d2 1f	2
d2 3d	2
d3 0d	2
d3 11	2
d3 1d	2
d3 1f	2
d3 2c	2
d4 1f	2
d4 2f	2
d4 40	2
d4 d4	2
d6 11	2
d7 01	2
d7 e8	2
d8 05	2
d8 0a	2
d8 0f	2
d8 17	2
d8 20	2
d8 3f	2
d8 40	2
d8 f6	2
d9 34	2
d9 8c	2
d9 df	2
da 34	2
da 4d	2
da e4	2
db 31	2
db 74	2
db 7e	2
db fe	2
db ff	2
dc 1f	2
dc 27	2
dc 5f	2
dc a6	2
dd 60	2
dd fe	2
df 75	2
df dc	2
df de	2
e0 0e	2
e0 44	2
e0 c3	2
e1 00	2
e2 65	2
e2 73	2
e2 b7	2
e3 03	2
e4 20	2
e4 60	2
e4 e4	2
e5 17	2
e7 6b	2
e8 1f	2
e8 d3	2
e8 fb	2
e9 01	2
e9 04	2
e9 1f	2
e9 49	2
eb 05	2
eb 86	2
ec 02	2
ec 05	2
ec 1f	2
ec 42	2
ec 84	2
ec 85	2
ed 25	2
ed 2e	2
ed 48	2
ed 5d	2
ed d3	2
ed e4	2
ee 42	2
ee b4	2
ef 02	2
f0 0f	2
f0 2f	2
f0 45	2
f0 ef	2
f0 fd	2
f3 48	2
f4 0f	2
f4 17	2
f4 1f	2
f6 10	2
f6 1f	2
f6 63	2
f7 07	2
f7 e1	2
f8 02	2
f8 0b	2
f8 75	2
f9 32	2
fa 3f	2
fc 1f	2
fc eb	2
fd 76	2
ff 0b	2
ff 0d	2
ff 3c	2
ff 41	2
ff 6f	2
ff c6	2
ff d0	2
ff d3	2
ff ed	2
00 04	1
00 09	1
00 0a	1
00 0e	1
00 12	1
00 17	1
00 1f	1
00 24	1
00 25	1
00 26	1
00 27	1
00 29	1
00 2b	1
00 2d	1
00 2e	1
00 2f	1
00 32	1
00 33	1
00 34	1
00 35	1
00 37	1
00 38	1
00 46	1
00 4c	1
00 4d	1
00 51	1
00 55	1
00 58	1
00 5a	1
00 5f	1
00 62	1
00 64	1
00 67	1
00 6b	1
00 6c	1
00 6e	1
00 76	1
00 79	1
00 7d	1
00 80	1
00 95	1
00 96	1
00 97	1
00 98	1
00 9b	1
00 a1	1
00 a9	1
00 af	1
00 b5	1
00 be	1
00 c2	1
00 c6	1
00 d8	1
00 e1	1
00 ed	1
00 f3	1
00 f8	1
01 01	1
01 02	1
01 04	1
01 07	1
01 08	1
01 17	1
01 19	1
01 20	1
01 21	1
01 23	1
01 27	1
01 29	1
01 2c	1
01 2d	1
01 39	1
01 3a	1
01 3b	1
01 44	1
01 46	1
01 47	1
01 4b	1
01 4f	1
01 50	1
01 57	1
01 59	1
01 5a	1
01 61	1
01 62	1
01 67	1
01 6d	1
01 74	1
01 88	1
01 89	1
01 9b	1
01 a1	1
01 a8	1
01 c2	1
01 c6	1
01 c7	1
01 cf	1
01 d5	1
01 d8	1
01 dd	1
01 e7	1
01 e8	1
01 eb	1
01 f0	1
01 f5	1
01 f7	1
01 fe	1
02 03	1
02 0d	1
02 0f	1
02 17	1
02 1f	1
02 21	1
02 28	1
02 2f	1
02 30	1
02 31	1
02 32	1
02 34	1
02 35	1
02 41	1
02 47	1
02 4f	1
02 5c	1
02 5f	1
02 63	1
02 64	1
02 75	1
02 76	1
02 78	1
02 86	1
02 94	1
02 95	1
02 a1	1
02 a7	1
02 ab	1
02 ac	1
02 b2	1
02 b9	1
02 bf	1
02 c2	1
02 c6	1
02 c8	1
02 cb	1
02 d7	1
02 db	1
02 e6	1
02 eb	1
02 ee	1
02 f1	1
02 f6	1
02 f9	1
03 00	1
03 06	1
03 08	1
03 0b	1
03 10	1
03 11	1
03 15	1
03 1d	1
03 21	1
03 24	1
03 25	1
03 28	1
03 2b	1
03 33	1
03 38	1
03 3e	1
03 41	1
03 45	1
03 46	1
03 47	1
03 4f	1
03 51	1
03 54	1
03 59	1
03 61	1
03 62	1
03 69	1
03 70	1
03 78	1
03 87	1
03 8d	1
03 9b	1
03 a0	1
03 b9	1
03 c7	1
03 c9	1
03 ce	1
03 d2	1
03 d3	1
03 e3	1
03 ef	1
03 f6	1
03 fc	1
03 ff	1
04 01	1
04 08	1
04 09	1
04 10	1
04 1b	1
04 1d	1
04 1e	1
04 24	1
04 28	1
04 2b	1
04 2f	1
04 34	1
04 38	1
04 3a	1
04 3f	1
04 46	1
04 4b	1
04 52	1
04 58	1
04 5c	1
04 5f	1
04 60	1
04 63	1
04 73	1
04 77	1
04 82	1
04 83	1
04 84	1
04 85	1
04 8c	1
04 90	1
04 94	1
04 97	1
04 9d	1
04 a4	1
04 b6	1
04 c0	1
04 c6	1
04 c9	1
04 d6	1
04 e0	1
04 e8	1
04 f2	1
04 f3	1
04 fd	1
05 01	1
05 0c	1
05 15	1
05 16	1
05 17	1
05 18	1
05 1f	1
05 24	1
05 27	1
05 2c	1
05 2f	1
05 32	1
05 33	1
05 39	1
05 3e	1
05 40	1
05 45	1
05 47	1
05 52	1
05 5b	1
05 60	1
05 64	1
05 67	1
05 69	1
05 6a	1
05 75	1
05 76	1
05 83	1
05 84	1
05 85	1
05 8a	1
05 99	1
05 a4	1
05 af	1
05 b5	1
05 b6	1
05 b7	1
05 c2	1
05 c7	1
05 cb	1
05 d2	1
05 d7	1
05 db	1
05 e5	1
05 e9	1
05 ef	1
05 ff	1
06 00	1
06 01	1
06 05	1
06 07	1
06 08	1
06 14	1
06 17	1
06 19	1
06 1f	1
06 20	1
06 27	1
06 29	1
06 2c	1
06 34	1
06 35	1
06 38	1
06 46	1
06 4a	1
06 4d	1
06 50	1
06 53	1
06 61	1
06 68	1
06 74	1
06 75	1
06 7a	1
06 87	1
06 90	1
06 99	1
06 9c	1
06 a5	1
06 a7	1
06 aa	1
06 ac	1
06 b0	1
06 b2	1
06 b4	1
06 b7	1
06 b8	1
06 bb	1
06 be	1
06 c0	1
06 c7	1
06 c8	1
06 c9	1
06 d0	1
06 d9	1
06 e7	1
06 ec	1
06 f4	1
06 fb	1
07 00	1
07 01	1
07 05	1
07 0c	1
07 10	1
07 11	1
07 14	1
07 17	1
07 19	1
07 1a	1
07 1f	1
07 26	1
07 28	1
07 2c	1
07 2e	1
07 31	1
07 36	1
07 3b	1
07 3c	1
07 3e	1
07 3f	1
07 45	1
07 4c	1
07 4e	1
07 55	1
07 56	1
07 57	1
07 59	1
07 5a	1
07 5b	1
07 5e	1
07 61	1
07 66	1
07 6a	1
07 6e	1
07 6f	1
07 72	1
07 74	1
07 79	1
07 7b	1
07 80	1
07 86	1
07 8b	1
07 94	1
07 a4	1
07 a6	1
07 b1	1
07 b7	1
07 b8	1
07 ba	1
07 c6	1
07 c8	1
07 cb	1
07 d2	1
07 e0	1
07 e6	1
07 e8	1
07 f0	1
07 f4	1
07 f5	1
07 f8	1
07 fd	1
08 00	1
08 0b	1
08 0c	1
08 15	1
08 16	1
08 1c	1
08 1f	1
08 20	1
08 26	1
08 27	1
08 29	1
08 2b	1
08 30	1
08 32	1
08 3b	1
08 3d	1
08 42	1
08 44	1
08 46	1
08 57	1
08 58	1
08 60	1
08 62	1
08 63	1
08 69	1
08 70	1
08 73	1
08 75	1
08 7a	1
08 7e	1
08 7f	1
08 80	1
08 85	1
08 8b	1
08 91	1
08 a4	1
08 a9	1
08 ab	1
08 bb	1
08 c5	1
08 c7	1
08 cf	1
08 dc	1
08 ec	1
08 ef	1
08 f0	1
08 fc	1
09 03	1
09 04	1
09 05	1
09 07	1
09 0b	1
09 10	1
09 11	1
09 1b	1
09 1e	1
09 20	1
09 23	1
09 2d	1
09 2f	1
09 44	1
09 5a	1
09 64	1
09 67	1
09 70	1
09 7f	1
09 89	1
09 8a	1
09 9f	1
09 a7	1
09 aa	1
09 b0	1
09 b5	1
09 bb	1
09 bf	1
09 c0	1
09 c3	1
09 c5	1
09 d0	1
09 d4	1
09 e4	1
09 ea	1
09 f0	1
09 f8	1
09 fb	1
0a 03	1
0a 12	1
0a 17	1
0a 22	1
0a 40	1
0a 42	1
0a 48	1
0a 54	1
0a 55	1
0a 5d	1
0a 5e	1
0a 65	1
0a 68	1
0a 6f	1
0a 79	1
0a 7f	1
0a 80	1
0a 85	1
0a 89	1
0a 93	1
0a a3	1
0a a5	1
0a a7	1
0a ae	1
0a b4	1
0a b7	1
0a b8	1
0a b9	1
0a be	1
0a bf	1
0a c2	1
0a cf	1
0a d2	1
0a d7	1
0a de	1
0a e3	1
0a e8	1
0a eb	1
0a f6	1
0b 00	1
0b 01	1
0b 02	1
0b 04	1
0b 07	1
0b 09	1
0b 0c	1
0b 0e	1
0b 10	1
0b 13	1
0b 18	1
0b 2f	1
0b 3a	1
0b 3f	1
0b 44	1
0b 50	1
0b 58	1
0b 62	1
0b 6e	1
0b 70	1
0b 79	1
0b 7c	1
0b 7e	1
0b 7f	1
0b 83	1
0b 89	1
0b 8b	1
0b 96	1
0b 9a	1
0b a3	1
0b b4	1
0b c3	1
0b c8	1
0b d6	1
0b d9	1
0b db	1
0b dc	1
0b e0	1
0b e7	1
0b eb	1
0b f7	1
0c 00	1
0c 01	1
0c 05	1
0c 06	1
0c 08	1
0c 09	1
0c 0b	1
0c 12	1
0c 14	1
0c 16	1
0c 17	1
0c 18	1
0c 1a	1
0c 1b	1
0c 21	1
0c 22	1
0c 26	1
0c 27	1
0c 29	1
0c 2a	1
0c 2e	1
0c 38	1
0c 3b	1
0c 3e	1
0c 3f	1
0c 41	1
0c 43	1
0c 48	1
0c 4a	1
0c 4c	1
0c 4e	1
0c 4f	1
0c 52	1
0c 58	1
0c 5d	1
0c 64	1
0c 70	1
0c 77	1
0c 78	1
0c 7d	1
0c 7e	1
0c 8c	1
0c 97	1
0c 9b	1
0c a1	1
0c a6	1
0c a8	1
0c aa	1
0c b6	1
0c c2	1
0c c6	1
0c c7	1
0c d8	1
0c da	1
0c dd	1
0c e0	1
0c e7	1
0c f2	1
0c f5	1
0c fc	1
0d 00	1
0d 09	1
0d 0c	1
0d 0e	1
0d 0f	1
0d 10	1
0d 11	1
0d 19	1
0d 1b	1
0d 1d	1
0d 36	1
0d 3d	1
0d 4a	1
0d 61	1
0d 64	1
0d 72	1
0d 76	1
0d 78	1
0d 7c	1
0d 89	1
0d 8c	1
0d 8d	1
0d 96	1
0d b0	1
0d b9	1
0d cc	1
0d db	1
0d e1	1
0d e3	1
0d e9	1
0d f3	1
0d fa	1
0e 02	1
0e 04	1
0e 05	1
0e 0b	1
0e 0c	1
0e 0d	1
0e 10	1
0e 13	1
0e 1b	1
0e 1f	1
0e 37	1
0e 39	1
0e 3a	1
0e 47	1
0e 48	1
0e 4e	1
0e 4f	1
0e 50	1
0e 54	1
0e 56	1
0e 5e	1
0e 6b	1
0e 76	1
0e 80	1
0e 86	1
0e 89	1
0e 8b	1
0e a1	1
0e a4	1
0e ac	1
0e b0	1
0e b3	1
0e ba	1
0e c8	1
0e ca	1
0e e0	1
0e e8	1
0e eb	1
0e ec	1
0e f8	1
0e f9	1
0f 05	1
0f 11	1
0f 17	1
0f 1d	1
0f 21	1
0f 23	1
0f 25	1
0f 27	1
0f 28	1
0f 29	1
0f 2b	1
0f 2d	1
0f 31	1
0f 38	1
0f 40	1
0f 4c	1
0f 53	1
0f 58	1
0f 59	1
0f 5a	1
0f 5f	1
0f 68	1
0f 79	1
0f 7b	1
0f 80	1
0f 81	1
0f 84	1
0f 86	1
0f 87	1
0f 8b	1
0f 8c	1
0f 8f	1
0f 94	1
0f 95	1
0f b0	1
0f b7	1
0f b8	1
0f bc	1
0f c9	1
0f e4	1
0f f6	1
10 05	1
10 07	1
10 10	1
10 13	1
10 16	1
10 17	1
10 18	1
10 1d	1
10 20	1
10 24	1
10 2b	1
10 2e	1
10 2f	1
10 34	1
10 38	1
10 42	1
10 43	1
10 45	1
10 49	1
10 4c	1
10 4e	1
10 51	1
10 59	1
10 6a	1
10 6b	1
10 6c	1
10 73	1
10 76	1
10 7f	1
10 93	1
10 9f	1
10 a3	1
10 a5	1
10 aa	1
10 b4	1
10 b9	1
10 ba	1
10 bb	1
10 be	1
10 d2	1
10 d3	1
10 d5	1
10 d6	1
10 dd	1
10 de	1
10 df	1
10 e2	1
10 f0	1
10 f3	1
10 f8	1
10 ff	1
11 06	1
11 09	1
11 0a	1
11 0b	1
11 0d	1
11 20	1
11 21	1
11 26	1
11 2c	1
11 30	1
11 36	1
11 40	1
11 4c	1
11 55	1
11 57	1
11 62	1
11 66	1
11 67	1
11 73	1
11 7a	1
11 7f	1
11 83	1
11 84	1
11 90	1
11 94	1
11 95	1
11 99	1
11 a1	1
11 a9	1
11 b0	1
11 b6	1
11 bc	1
11 be	1
11 c0	1
11 c1	1
11 c2	1
11 c9	1
11 df	1
11 ea	1
11 ef	1
12 03	1
12 04	1
12 07	1
12 12	1
12 16	1
12 17	1
12 18	1
12 1a	1
12 21	1
12 29	1
12 36	1
12 3f	1
12 43	1
12 48	1
12 49	1
12 4b	1
12 4c	1
12 50	1
12 54	1
12 57	1
12 60	1
12 61	1
12 6c	1
12 75	1
12 76	1
12 77	1
12 7f	1
12 83	1
12 89	1
12 8a	1
12 93	1
12 96	1
12 98	1
12 9a	1
12 a3	1
12 a4	1
12 ae	1
12 b0	1
12 ba	1
12 bf	1
12 c2	1
12 d3	1
12 da	1
12 e7	1
12 e8	1
12 f7	1
12 fc	1
13 03	1
13 04	1
13 0d	1
13 10	1
13 14	1
13 16	1
13 18	1
13 24	1
13 26	1
13 29	1
13 31	1
13 37	1
13 3d	1
13 3e	1
13 41	1
13 44	1
13 54	1
13 56	1
13 62	1
13 6a	1
13 72	1
13 74	1
13 76	1
13 78	1
13 7e	1
13 7f	1
13 81	1
13 8a	1
13 95	1
13 a5	1
13 a6	1
13 af	1
13 b0	1
13 b4	1
13 c6	1
13 dc	1
13 e0	1
13 fb	1
13 ff	1
14 00	1
14 05	1
14 08	1
14 0b	1
14 23	1
14 24	1
14 26	1
14 32	1
14 33	1
14 3e	1
14 41	1
14 42	1
14 50	1
14 5a	1
14 6f	1
14 7b	1
14 82	1
14 83	1
14 85	1
14 98	1
14 a0	1
14 a8	1
14 ba	1
14 c0	1
14 c2	1
14 c4	1
14 c8	1
14 d3	1
14 d7	1
14 da	1
14 df	1
14 e6	1
15 01	1
15 06	1
15 07	1
15 10	1
15 1a	1
15 38	1
15 3d	1
15 4f	1
15 5f	1
15 65	1
15 68	1
15 74	1
15 81	1
15 8b	1
15 9f	1
15 a8	1
15 b0	1
15 b6	1
15 b8	1
15 df	1
15 ea	1
15 ee	1
15 f6	1
15 ff	1
16 00	1
16 05	1
16 06	1
16 0c	1
16 0f	1
16 10	1
16 1b	1
16 2a	1
16 32	1
16 3f	1
16 4d	1
16 4f	1
16 50	1
16 63	1
16 68	1
16 70	1
16 74	1
16 78	1
16 83	1
16 84	1
16 a4	1
16 a5	1
16 ad	1
16 b2	1
16 b4	1
16 c3	1
16 c8	1
16 d0	1
16 d1	1
16 ef	1
16 f6	1
17 00	1
17 02	1
17 05	1
17 06	1
17 09	1
17 0b	1
17 0e	1
17 0f	1
17 11	1
17 13	1
17 17	1
17 19	1
17 1c	1
17 1f	1
17 26	1
17 2c	1
17 2e	1
17 31	1
17 34	1
17 35	1
17 3a	1
17 3d	1
17 42	1
17 46	1
17 47	1
17 4b	1
17 4c	1
17 52	1
17 58	1
17 5d	1
17 5e	1
17 60	1
17 71	1
17 74	1
17 77	1
17 7a	1
17 7c	1
17 7d	1
17 7e	1
17 7f	1
17 81	1
17 86	1
17 88	1
17 89	1
17 95	1
17 97	1
17 9c	1
17 a3	1
17 a4	1
17 b0	1
17 b4	1
17 b6	1
17 b8	1
17 c2	1
17 c3	1
17 c7	1
17 c8	1
17 cb	1
17 d1	1
17 d2	1
17 d6	1
17 df	1
17 e0	1
17 e4	1
17 e8	1
17 f0	1
17 f4	1
17 f6	1
17 fd	1
17 fe	1
18 08	1
18 0c	1
18 0f	1
18 12	1
18 17	1
18 1d	1
18 24	1
18 2f	1
18 31	1
18 36	1
18 3c	1
18 40	1
18 43	1
18 48	1
18 4a	1
18 4b	1
18 4e	1
18 57	1
18 59	1
18 6f	1
18 74	1
18 75	1
18 7f	1
18 84	1
18 89	1
18 8b	1
18 8c	1
18 8e	1
18 99	1
18 ba	1
18 bb	1
18 be	1
18 c0	1
18 c1	1
18 c8	1
18 cf	1
18 d6	1
18 df	1
18 e1	1
18 f4	1
18 f6	1
18 fd	1
18 ff	1
19 05	1
19 08	1
19 12	1
19 18	1
19 1a	1
19 21	1
19 23	1
19 26	1
19 2a	1
19 47	1
19 73	1
19 76	1
19 7c	1
19 7f	1
19 84	1
19 8f	1
19 90	1
19 a0	1
19 b0	1
19 b1	1
19 d8	1
19 e8	1
19 ec	1
1a 01	1
1a 05	1
1a 09	1
1a 11	1
1a 18	1
1a 19	1
1a 2c	1
1a 2f	1
1a 33	1
1a 3c	1
1a 42	1
1a 47	1
1a 58	1
1a 5a	1
1a 63	1
1a 65	1
1a 67	1
1a 77	1
1a 84	1
1a a7	1
1a a9	1
1a b3	1
1a b7	1
1a bf	1
1a c8	1
1a d8	1
1a dc	1
1a e9	1
1a f8	1
1b 03	1
1b 04	1
1b 07	1
1b 0a	1
1b 0c	1
1b 14	1
1b 38	1
1b 3f	1
1b 40	1
1b 47	1
1b 4a	1
1b 52	1
1b 55	1
1b 56	1
1b 60	1
1b 6b	1
1b 72	1
1b 74	1
1b 7a	1
1b 83	1
1b 87	1
1b a4	1
1b a7	1
1b b0	1
1b b1	1
1b b6	1
1b d6	1
1b e6	1
1b e9	1
1b eb	1
1b f2	1
1b fd	1
1b ff	1
1c 00	1
1c 03	1
1c 0d	1
1c 10	1
1c 16	1
1c 19	1
1c 1e	1
1c 29	1
1c 2a	1
1c 2b	1
1c 2f	1
1c 38	1
1c 3a	1
1c 3f	1
1c 42	1
1c 46	1
1c 47	1
1c 48	1
1c 4a	1
1c 4f	1
1c 54	1
1c 56	1
1c 58	1
1c 5e	1
1c 63	1
1c 6f	1
1c 8b	1
1c 8c	1
1c 92	1
1c 9e	1
1c b0	1
1c b8	1
1c bb	1
1c bd	1
1c d0	1
1c d2	1
1c d6	1
1c f0	1
1d 00	1
1d 11	1
1d 16	1
1d 17	1
1d 18	1
1d 19	1
1d 20	1
1d 24	1
1d 2e	1
1d 36	1
1d 37	1
1d 53	1
1d 56	1
1d 5f	1
1d 64	1
1d 77	1
1d 7d	1
1d 84	1
1d 85	1
1d 87	1
1d 92	1
1d 9a	1
1d a0	1
1d b0	1
1d b2	1
1d b6	1
1d c6	1
1d e2	1
1e 04	1
1e 10	1
1e 20	1
1e 2b	1
1e 38	1
1e 3d	1
1e 40	1
1e 48	1
1e 49	1
1e 50	1
1e 51	1
1e 58	1
1e 68	1
1e 79	1
1e 7b	1
1e 80	1
1e 8d	1
1e 93	1
1e 96	1
1e 9e	1
1e a5	1
1e bb	1
1e ff	1
1f 03	1
1f 10	1
1f 17	1
1f 1d	1
1f 1f	1
1f 22	1
1f 2b	1
1f 2f	1
1f 30	1
1f 32	1
1f 37	1
1f 41	1
1f 46	1
1f 4b	1
1f 53	1
1f 5d	1
1f 64	1
1f 66	1
1f 74	1
1f 82	1
1f 83	1
1f 84	1
1f 8b	1
1f 8f	1
1f 90	1
1f 97	1
1f 9c	1
1f 9e	1
1f a4	1
1f a7	1
1f a8	1
1f ae	1
1f b0	1
1f b2	1
1f b9	1
1f c6	1
1f cd	1
1f ce	1
1f d2	1
1f d7	1
1f de	1
1f e5	1
1f e8	1
1f ec	1
1f f1	1
1f f2	1
1f f8	1
1f fa	1
20 04	1
20 0b	1
20 0d	1
20 0e	1
20 0f	1
20 17	1
20 1f	1
20 21	1
20 27	1
20 28	1
20 32	1
20 34	1
20 3c	1
20 44	1
20 4c	1
20 4d	1
20 50	1
20 53	1
20 54	1
20 58	1
20 64	1
20 66	1
20 68	1
20 69	1
20 6f	1
20 70	1
20 87	1
20 93	1
20 95	1
20 9d	1
20 9f	1
20 a1	1
20 af	1
20 b7	1
20 bb	1
20 c9	1
20 cb	1
20 df	1
20 e4	1
20 e5	1
20 f0	1
20 fc	1
20 ff	1
21 00	1
21 01	1
21 03	1
21 06	1
21 0b	1
21 10	1
21 12	1
21 1f	1
21 21	1
21 27	1
21 2f	1
21 44	1
21 48	1
21 4e	1
21 4f	1
21 64	1
21 6d	1
21 6e	1
21 72	1
21 75	1
21 76	1
21 78	1
21 7d	1
21 84	1
21 8f	1
21 9d	1
21 a1	1
21 a8	1
21 aa	1
21 ab	1
21 ac	1
21 af	1
21 bd	1
21 c1	1
21 c4	1
21 c8	1
21 ca	1
21 cd	1
21 dc	1
21 de	1
21 ec	1
21 fd	1
22 00	1
22 03	1
22 0e	1
22 16	1
22 21	1
22 34	1
22 35	1
22 41	1
22 51	1
22 5a	1
22 5f	1
22 76	1
22 86	1
22 8c	1
22 a2	1
22 ab	1
22 be	1
22 d0	1
23 00	1
23 01	1
23 04	1
23 05	1
23 27	1
23 2c	1
23 2e	1
23 2f	1
23 30	1
23 37	1
23 3e	1
23 41	1
23 44	1
23 46	1
23 4c	1
23 4f	1
23 64	1
23 66	1
23 6f	1
23 75	1
23 76	1
23 b0	1
23 bb	1
23 c2	1
23 c9	1
23 d8	1
23 da	1
23 e6	1
23 f8	1
23 fc	1
24 03	1
24 06	1
24 0c	1
24 0e	1
24 23	1
24 2b	1
24 31	1
24 35	1
24 37	1
24 38	1
24 3f	1
24 47	1
24 49	1
24 4c	1
24 5b	1
24 5f	1
24 63	1
24 67	1
24 7f	1
24 84	1
24 87	1
24 8b	1
24 8f	1
24 93	1
24 a0	1
24 b4	1
24 c1	1
24 cb	1
24 cc	1
24 d3	1
24 d6	1
24 d8	1
24 db	1
24 e2	1
24 e3	1
24 e4	1
24 e5	1
24 f2	1
25 06	1
25 10	1
25 11	1
25 1d	1
25 21	1
25 24	1
25 27	1
25 2b	1
25 2d	1
25 34	1
25 3c	1
25 49	1
25 4b	1
25 5b	1
25 65	1
25 66	1
25 73	1
25 7f	1
25 83	1
25 89	1
25 8c	1
25 91	1
25 99	1
25 9d	1
25 a4	1
25 b6	1
25 be	1
25 c0	1
25 ec	1
25 f1	1
26 02	1
26 04	1
26 0c	1
26 10	1
26 17	1
26 30	1
26 36	1
26 38	1
26 3e	1
26 3f	1
26 41	1
26 42	1
26 4a	1
26 5f	1
26 61	1
26 66	1
26 6a	1
26 6c	1
26 79	1
26 80	1
26 83	1
26 89	1
26 94	1
26 9b	1
26 c6	1
26 d5	1
26 e4	1
26 eb	1
27 07	1
27 10	1
27 13	1
27 1a	1
27 24	1
27 2c	1
27 32	1
27 39	1
27 42	1
27 45	1
27 4c	1
27 5f	1
27 69	1
27 75	1
27 76	1
27 78	1
27 7c	1
27 98	1
27 9f	1
27 b5	1
27 c0	1
27 c2	1
27 c5	1
27 d0	1
27 d7	1
27 da	1
27 dc	1
27 e7	1
27 e8	1
27 e9	1
27 ec	1
27 ff	1
28 00	1
28 02	1
28 03	1
28 06	1
28 07	1
28 13	1
28 19	1
28 29	1
28 2b	1
28 2d	1
28 34	1
28 3b	1
28 3f	1
28 43	1
28 44	1
28 4a	1
28 4b	1
28 54	1
28 57	1
28 58	1
28 5b	1
28 5f	1
28 63	1
28 6c	1
28 83	1
28 90	1
28 91	1
28 ac	1
28 c4	1
28 df	1
28 e2	1
28 e8	1
28 f8	1
29 00	1
29 01	1
29 02	1
29 06	1
29 09	1
29 12	1
29 17	1
29 1c	1
29 1f	1
29 20	1
29 2c	1
29 31	1
29 34	1
29 3a	1
29 42	1
29 55	1
29 64	1
29 73	1
29 78	1
29 89	1
29 8e	1
29 9d	1
29 b8	1
29 bb	1
29 c0	1
29 c3	1
29 ce	1
29 d8	1
29 e5	1
29 eb	1
29 f1	1
29 f2	1
29 fb	1
29 fd	1
2a 05	1
2a 0b	1
2a 11	1
2a 15	1
2a 1b	1
2a 1e	1
2a 33	1
2a 36	1
2a 44	1
2a 50	1
2a 63	1
2a 81	1
2a 83	1
2a 8b	1
2a a4	1
2a b7	1
2a c0	1
2a cf	1
2a d1	1
2a d8	1
2a e1	1
2a e3	1
2a e7	1
2a fd	1
2b 0b	1
2b 10	1
2b 12	1
2b 1d	1
2b 2b	1
2b 33	1
2b 35	1
2b 36	1
2b 3a	1
2b 47	1
2b 48	1
2b 50	1
2b 5f	1
2b 64	1
2b 75	1
2b 81	1
2b 84	1
2b 8c	1
2b 90	1
2b ae	1
2b c1	1
2b e9	1
2b f0	1
2b f6	1
2b ff	1
2c 01	1
2c 05	1
2c 09	1
2c 0a	1
2c 11	1
2c 12	1
2c 14	1
2c 1a	1
2c 1b	1
2c 1d	1
2c 24	1
2c 2f	1
2c 3e	1
2c 3f	1
2c 42	1
2c 53	1
2c 54	1
2c 58	1
2c 65	1
2c 69	1
2c 70	1
2c 7f	1
2c 80	1
2c 84	1
2c 92	1
2c 94	1
2c 95	1
2c 98	1
2c b1	1
2c b5	1
2c bb	1
2c bc	1
2c c9	1
2c ca	1
2c ce	1
2c e1	1
2c e8	1
2c eb	1
2c ef	1
2c f6	1
2c ff	1
2d 08	1
2d 10	1
2d 15	1
2d 17	1
2d 18	1
2d 1d	1
2d 1f	1
2d 32	1
2d 37	1
2d 45	1
2d 48	1
2d 58	1
2d 7b	1
2d 88	1
2d 96	1
2d 9e	1
2d aa	1
2d b0	1
2d b7	1
2d bb	1
2d bd	1
2d c2	1
2d c4	1
2d d8	1
2d ff	1
2e 00	1
2e 0a	1
2e 0c	1
2e 0e	1
2e 0f	1
2e 17	1
2e 21	1
2e 32	1
2e 34	1
2e 38	1
2e 40	1
2e 41	1
2e 45	1
2e 57	1
2e 63	1
2e 67	1
2e 6e	1
2e 7d	1
2e 86	1
2e a0	1
2e a3	1
2e a4	1
2e a8	1
2e b0	1
2e e4	1
2e ec	1
2e f8	1
2e fc	1
2e fe	1
2f 02	1
2f 03	1
2f 0a	1
2f 10	1
2f 11	1
2f 14	1
2f 15	1
2f 17	1
2f 19	1
2f 1c	1
2f 20	1
2f 25	1
2f 27	1
2f 28	1
2f 2b	1
2f 2c	1
2f 2f	1
2f 32	1
2f 3b	1
2f 3c	1
2f 6c	1
2f 73	1
2f 76	1
2f 77	1
2f 84	1
2f 8b	1
2f 93	1
2f a0	1
2f a6	1
2f b5	1
2f b8	1
2f bb	1
2f bc	1
2f c1	1
2f cc	1
2f ce	1
2f d5	1
2f d8	1
2f df	1
2f ea	1
2f eb	1
2f ee	1
2f f3	1
2f f6	1
2f fc	1
2f fd	1
30 02	1
30 04	1
30 0f	1
30 12	1
30 16	1
30 21	1
30 24	1
30 2a	1
30 37	1
30 44	1
30 47	1
30 4e	1
30 53	1
30 54	1
30 56	1
30 5a	1
30 66	1
30 69	1
30 6b	1
30 70	1
30 76	1
30 7e	1
30 80	1
30 86	1
30 8c	1
30 90	1
30 91	1
30 95	1
30 9e	1
30 9f	1
30 a7	1
30 b0	1
30 b1	1
30 b5	1
30 b8	1
30 ce	1
30 d3	1
30 d4	1
30 e2	1
30 e8	1
30 ee	1
30 ef	1
30 f3	1
30 fd	1
31 0b	1
31 0c	1
31 14	1
31 16	1
31 1b	1
31 23	1
31 2f	1
31 30	1
31 33	1
31 36	1
31 37	1
31 39	1
31 3e	1
31 40	1
31 42	1
31 60	1
31 61	1
31 67	1
31 68	1
31 71	1
31 79	1
31 7f	1
31 82	1
31 87	1
31 8c	1
31 97	1
31 9c	1
31 9f	1
31 b9	1
31 ba	1
31 c0	1
31 c2	1
31 c7	1
31 c8	1
31 d8	1
31 d9	1
31 db	1
31 e1	1
31 e9	1
31 fa	1
32 05	1
32 0c	1
32 11	1
32 17	1
32 1a	1
32 31	1
32 37	1
32 38	1
32 3c	1
32 3e	1
32 3f	1
32 45	1
32 4a	1
32 4b	1
32 4f	1
32 50	1
32 58	1
32 68	1
32 6c	1
32 6d	1
32 6e	1
32 87	1
32 96	1
32 97	1
32 98	1
32 a0	1
32 a3	1
32 a6	1
32 a8	1
32 b2	1
32 b8	1
32 c5	1
32 ca	1
32 cc	1
32 d7	1
32 e2	1
32 e6	1
32 e8	1
32 f6	1
33 02	1
33 0a	1
33 20	1
33 24	1
33 25	1
33 38	1
33 3a	1
33 45	1
33 50	1
33 51	1
33 59	1
33 62	1
33 66	1
33 68	1
33 69	1
33 70	1
33 73	1
33 75	1
33 7f	1
33 80	1
33 8b	1
33 93	1
33 9b	1
33 b1	1
33 b2	1
33 ef	1
34 07	1
34 0a	1
34 0c	1
34 0e	1
34 18	1
34 24	1
34 30	1
34 31	1
34 3a	1
34 3c	1
34 40	1
34 41	1
34 49	1
34 4a	1
34 4f	1
34 61	1
34 67	1
34 6c	1
34 6f	1
34 73	1
34 80	1
34 8e	1
34 9f	1
34 a4	1
34 b4	1
34 bf	1
34 cb	1
34 cd	1
34 ce	1
34 d6	1
34 da	1
34 fb	1
35 00	1
35 01	1
35 08	1
35 27	1
35 30	1
35 39	1
35 42	1
35 43	1
35 4c	1
35 58	1
35 5a	1
35 5f	1
35 6f	1
35 75	1
35 ac	1
35 b8	1
35 c1	1
35 e2	1
35 e8	1
35 fa	1
36 05	1
36 0a	1
36 16	1
36 17	1
36 19	1
36 1b	1
36 1f	1
36 21	1
36 25	1
36 2d	1
36 33	1
36 34	1
36 36	1
36 49	1
36 4d	1
36 59	1
36 60	1
36 64	1
36 6e	1
36 76	1
36 7c	1
36 7f	1
36 88	1
36 8a	1
36 8b	1
36 a2	1
36 bd	1
36 cd	1
36 d0	1
36 da	1
36 db	1
36 e6	1
37 00	1
37 02	1
37 04	1
37 07	1
37 0a	1
37 17	1
37 27	1
37 2f	1
37 30	1
37 3a	1
37 3c	1
37 40	1
37 41	1
37 4d	1
37 5d	1
37 64	1
37 67	1
37 6d	1
37 6e	1
37 74	1
37 80	1
37 86	1
37 b4	1
37 b5	1
37 bc	1
37 bd	1
37 c6	1
37 cb	1
37 ce	1
37 d8	1
37 dd	1
37 ec	1
37 f1	1
37 f7	1
37 fd	1
37 fe	1
38 00	1
38 01	1
38 02	1
38 05	1
38 07	1
38 14	1
38 16	1
38 17	1
38 1a	1
38 25	1
38 29	1
38 2a	1
38 2f	1
38 33	1
38 37	1
38 38	1
38 39	1
38 40	1
38 43	1
38 47	1
38 4e	1
38 53	1
38 54	1
38 5b	1
38 5f	1
38 64	1
38 68	1
38 6b	1
38 74	1
38 77	1
38 7b	1
38 80	1
38 84	1
38 85	1
38 87	1
38 8b	1
38 8c	1
38 a6	1
38 a7	1
38 b5	1
38 be	1
38 d4	1
38 d8	1
38 dc	1
38 de	1
38 f2	1
38 f7	1
39 0c	1
39 17	1
39 21	1
39 2a	1
39 30	1
39 32	1
39 36	1
39 51	1
39 56	1
39 5b	1
39 62	1
39 7a	1
39 87	1
39 88	1
39 8b	1
39 8e	1
39 8f	1
39 90	1
39 97	1
39 ac	1
39 b8	1
39 ba	1
39 c4	1
39 c5	1
39 ca	1
39 d4	1
39 d9	1
39 df	1
39 e8	1
39 f0	1
3a 03	1
3a 05	1
3a 0a	1
3a 0f	1
3a 13	1
3a 1e	1
3a 20	1
3a 25	1
3a 27	1
3a 30	1
3a 32	1
3a 3f	1
3a 41	1
3a 5f	1
3a 76	1
3a b3	1
3a b8	1
3a ca	1
3a da	1
3a db	1
3b 00	1
3b 01	1
3b 03	1
3b 0b	1
3b 11	1
3b 12	1
3b 17	1
3b 1b	1
3b 20	1
3b 24	1
3b 2a	1
3b 32	1
3b 3b	1
3b 45	1
3b 4b	1
3b 58	1
3b 60	1
3b 89	1
3b 90	1
3b bc	1
3b c5	1
3b c8	1
3b d0	1
3b d8	1
3b db	1
3b e0	1
3b e5	1
3b ee	1
3b f0	1
3b f1	1
3b fb	1
3b fd	1
3c 01	1
3c 0b	1
3c 0f	1
3c 10	1
3c 1f	1
3c 21	1
3c 24	1
3c 26	1
3c 2b	1
3c 2c	1
3c 35	1
3c 39	1
3c 3b	1
3c 43	1
3c 47	1
3c 4b	1
3c 51	1
3c 57	1
3c 6a	1
3c 70	1
3c 77	1
3c 84	1
3c 85	1
3c 8f	1
3c 93	1
3c a6	1
3c ba	1
3c d9	1
3c eb	1
3c f7	1
3c fa	1
3d 00	1
3d 08	1
3d 0c	1
3d 0e	1
3d 0f	1
3d 19	1
3d 1c	1
3d 27	1
3d 2f	1
3d 36	1
3d 44	1
3d 48	1
3d 4d	1
3d 51	1
3d 63	1
3d 7a	1
3d 85	1
3d a3	1
3d ab	1
3d af	1
3d b4	1
3d b7	1
3d bb	1
3d c3	1
3d f1	1
3e 2e	1
3e 42	1
3e 56	1
3e 5f	1
3e 60	1
3e 8a	1
3e 8b	1
3e 8c	1
3e 8f	1
3e 9c	1
3e 9d	1
3e ae	1
3e d7	1
3e ff	1
3f 03	1
3f 07	1
3f 0f	1
3f 17	1
3f 18	1
3f 1a	1
3f 27	1
3f 2a	1
3f 38	1
3f 39	1
3f 3b	1
3f 43	1
3f 47	1
3f 4d	1
3f 5d	1
3f 5f	1
3f 67	1
3f 6e	1
3f 70	1
3f 73	1
3f 75	1
3f 76	1
3f 80	1
3f 83	1
3f 84	1
3f 88	1
3f 89	1
3f 8b	1
3f 8e	1
3f 98	1
3f 9c	1
3f a7	1
3f ac	1
3f b8	1
3f be	1
3f c0	1
3f c8	1
3f c9	1
3f d2	1
3f da	1
3f df	1
3f e8	1
3f fb	1
3f fc	1
40 07	1
40 09	1
40 0a	1
40 17	1
40 18	1
40 20	1
40 21	1
40 38	1
40 3d	1
40 3f	1
40 44	1
40 47	1
40 48	1
40 4a	1
40 58	1
40 5a	1
40 62	1
40 68	1
40 6c	1
40 72	1
40 7c	1
40 86	1
40 88	1
40 96	1
40 9a	1
40 a3	1
40 a8	1
40 b1	1
40 b7	1
40 bb	1
40 be	1
40 bf	1
40 c1	1
40 c9	1
40 d8	1
40 e8	1
40 ff	1
41 00	1
41 02	1
41 03	1
41 07	1
41 12	1
41 18	1
41 20	1
41 23	1
41 27	1
41 28	1
41 29	1
41 2c	1
41 48	1
41 4c	1
41 4d	1
41 54	1
41 56	1
41 57	1
41 5d	1
41 5e	1
41 60	1
41 62	1
41 65	1
41 66	1
41 6c	1
41 80	1
41 82	1
41 85	1
41 8b	1
41 96	1
41 ae	1
41 b6	1
41 c0	1
41 c2	1
41 ca	1
41 ce	1
41 d3	1
41 d4	1
41 ea	1
41 ef	1
41 f4	1
42 00	1
42 04	1
42 0d	1
42 0e	1
42 0f	1
42 10	1
42 12	1
42 17	1
42 18	1
42 1f	1
42 22	1
42 2a	1
42 2f	1
42 30	1
42 34	1
42 35	1
42 40	1
42 43	1
42 55	1
42 60	1
42 61	1
42 63	1
42 66	1
42 6c	1
42 6d	1
42 73	1
42 7a	1
42 7e	1
42 85	1
42 86	1
42 87	1
42 8f	1
42 90	1
42 98	1
42 9a	1
42 9b	1
42 9e	1
42 a3	1
42 a6	1
42 b2	1
42 ba	1
42 c1	1
42 c3	1
42 cd	1
42 ce	1
42 df	1
42 e0	1
42 fe	1
43 01	1
43 03	1
43 05	1
43 0b	1
43 0d	1
43 10	1
43 2f	1
43 31	1
43 37	1
43 3a	1
43 46	1
43 48	1
43 4a	1
43 58	1
43 5a	1
43 60	1
43 64	1
43 69	1
43 6f	1
43 77	1
43 88	1
43 a1	1
43 a2	1
43 af	1
43 bf	1
43 c3	1
43 c8	1
43 cc	1
43 ce	1
43 ee	1
43 f2	1
43 fb	1
44 01	1
44 06	1
44 08	1
44 0e	1
44 1d	1
44 2a	1
44 2f	1
44 36	1
44 3f	1
44 43	1
44 46	1
44 4a	1
44 4c	1
44 4f	1
44 59	1
44 5e	1
44 5f	1
44 69	1
44 7c	1
44 82	1
44 8b	1
44 8f	1
44 96	1
44 ae	1
44 c8	1
44 d4	1
44 f7	1
44 ff	1
45 00	1
45 02	1
45 0a	1
45 0c	1
45 0e	1
45 20	1
45 21	1
45 23	1
45 31	1
45 41	1
45 43	1
45 44	1
45 45	1
45 4a	1
45 4e	1
45 58	1
45 5a	1
45 5f	1
45 6d	1
45 6e	1
45 7a	1
45 83	1
45 88	1
45 9e	1
45 a0	1
45 ac	1
45 b0	1
45 b4	1
45 bb	1
45 bc	1
45 be	1
45 bf	1
45 c4	1
45 c6	1
45 d0	1
45 d8	1
45 e4	1
45 ff	1
46 01	1
46 03	1
46 0b	1
46 0e	1
46 18	1
46 23	1
46 27	1
46 29	1
46 33	1
46 40	1
46 43	1
46 47	1
46 4d	1
46 53	1
46 56	1
46 57	1
46 5a	1
46 5f	1
46 63	1
46 70	1
46 82	1
46 85	1
46 93	1
46 a1	1
46 b0	1
46 b5	1
46 c2	1
46 c6	1
46 c7	1
46 c9	1
46 cd	1
46 d6	1
46 d9	1
46 e3	1
46 eb	1
46 ee	1
46 ff	1
47 02	1
47 08	1
47 09	1
47 0a	1
47 0c	1
47 22	1
47 2d	1
47 30	1
47 31	1
47 36	1
47 40	1
47 43	1
47 4e	1
47 54	1
47 6f	1
47 74	1
47 80	1
47 83	1
47 88	1
47 99	1
47 a8	1
47 be	1
47 c0	1
47 c2	1
47 c8	1
47 cf	1
47 d0	1
47 d1	1
47 d8	1
47 dc	1
47 e2	1
47 f8	1
48 00	1
48 01	1
48 03	1
48 04	1
48 0d	1
48 0e	1
48 12	1
48 14	1
48 17	1
48 18	1
48 1c	1
48 1e	1
48 23	1
48 27	1
48 32	1
48 3d	1
48 40	1
48 41	1
48 43	1
48 46	1
48 53	1
48 57	1
48 61	1
48 65	1
48 6b	1
48 6d	1
48 74	1
48 75	1
48 7a	1
48 7c	1
48 7d	1
48 80	1
48 85	1
48 87	1
48 91	1
48 95	1
48 9b	1
48 9e	1
48 aa	1
48 af	1
48 b0	1
48 c1	1
48 c3	1
48 cb	1
48 ce	1
48 d2	1
48 d4	1
48 d8	1
48 d9	1
48 dc	1
48 e3	1
48 ed	1
48 f7	1
49 02	1
49 03	1
49 07	1
49 0b	1
49 10	1
49 1c	1
49 21	1
49 25	1
49 2f	1
49 42	1
49 43	1
49 46	1
49 47	1
49 48	1
49 4c	1
49 4e	1
49 4f	1
49 50	1
49 68	1
49 6d	1
49 72	1
49 75	1
49 7c	1
49 85	1
49 8c	1
49 8d	1
49 9f	1
49 a7	1
49 ad	1
49 b0	1
49 b2	1
49 ba	1
49 bf	1
49 c7	1
49 ce	1
49 d0	1
49 dc	1
49 dd	1
49 e0	1
49 f3	1
49 ff	1
4a 08	1
4a 11	1
4a 18	1
4a 28	1
4a 2e	1
4a 34	1
4a 3f	1
4a 42	1
4a 43	1
4a 45	1
4a 46	1
4a 48	1
4a 4e	1
4a 4f	1
4a 5e	1
4a 60	1
4a 74	1
4a 76	1
4a 91	1
4a 9e	1
4a a7	1
4a b5	1
4a b8	1
4b 06	1
4b 14	1
4b 17	1
4b 18	1
4b 21	1
4b 27	1
4b 53	1
4b 54	1
4b 69	1
4b 83	1
4b 85	1
4b 87	1
4b 8a	1
4b 8e	1
4b b3	1
4b c8	1
4b d0	1
4b d9	1
4b da	1
4b e4	1
4b ea	1
4b ef	1
4c 01	1
4c 03	1
4c 0e	1
4c 0f	1
4c 13	1
4c 17	1
4c 2a	1
4c 30	1
4c 31	1
4c 48	1
4c 49	1
4c 5d	1
4c 6e	1
4c 82	1
4c 84	1
4c 86	1
4c 8c	1
4c 97	1
4c 9a	1
4c 9c	1
4c af	1
4c cf	1
4c da	1
4c e6	1
4c e8	1
4c f4	1
4c f5	1
4c f6	1
4d 00	1
4d 0e	1
4d 21	1
4d 28	1
4d 2a	1
4d 35	1
4d 45	1
4d 46	1
4d 4a	1
4d 55	1
4d 6c	1
4d 77	1
4d 7a	1
4d 7c	1
4d 80	1
4d 82	1
4d 91	1
4d a0	1
4d a7	1
4d b0	1
4d c8	1
4d d0	1
4d d4	1
4d e0	1
4e 01	1
4e 03	1
4e 05	1
4e 09	1
4e 0a	1
4e 20	1
4e 21	1
4e 33	1
4e 42	1
4e 53	1
4e 55	1
4e 5f	1
4e 60	1
4e 68	1
4e 73	1
4e 75	1
4e 7c	1
4e 84	1
4e 89	1
4e 92	1
4e b0	1
4e bf	1
4e df	1
4e e8	1
4e f7	1
4f 01	1
4f 05	1
4f 0e	1
4f 0f	1
4f 10	1
4f 17	1
4f 2c	1
4f 2d	1
4f 37	1
4f 42	1
4f 46	1
4f 47	1
4f 5c	1
4f 60	1
4f 74	1
4f 75	1
4f 77	1
4f 79	1
4f 84	1
4f 8c	1
4f 97	1
4f 98	1
4f 9c	1
4f 9f	1
4f b1	1
4f b3	1
4f bb	1
4f c0	1
4f d8	1
4f dd	1
4f ec	1
4f fe	1
50 01	1
50 05	1
50 07	1
50 0b	1
50 0c	1
50 1b	1
50 1d	1
50 2d	1
50 2f	1
50 41	1
50 42	1
50 48	1
50 4a	1
50 4b	1
50 4c	1
50 4d	1
50 54	1
50 61	1
50 68	1
50 6a	1
50 6c	1
50 76	1
50 7c	1
50 81	1
50 84	1
50 89	1
50 8f	1
50 9c	1
50 9f	1
50 b3	1
50 c2	1
50 c4	1
50 e9	1
50 f0	1
51 05	1
51 17	1
51 24	1
51 48	1
51 52	1
51 5d	1
51 61	1
51 62	1
51 73	1
51 7f	1
51 8b	1
51 9c	1
51 aa	1
51 b0	1
51 c9	1
51 d0	1
51 d1	1
51 d2	1
51 e0	1
52 02	1
52 05	1
52 10	1
52 1c	1
52 20	1
52 2f	1
52 38	1
52 41	1
52 42	1
52 45	1
52 47	1
52 48	1
52 4c	1
52 54	1
52 5f	1
52 61	1
52 65	1
52 69	1
52 7b	1
52 83	1
52 8f	1
52 95	1
52 9d	1
52 ac	1
52 b0	1
52 c1	1
53 03	1
53 0c	1
53 1d	1
53 20	1
53 23	1
53 2c	1
53 2f	1
53 31	1
53 35	1
53 3f	1
53 42	1
53 43	1
53 4c	1
53 50	1
53 60	1
53 68	1
53 73	1
53 74	1
53 76	1
53 84	1
53 8d	1
53 90	1
53 9b	1
53 a9	1
53 c7	1
53 d8	1
53 d9	1
53 f2	1
53 f7	1
53 fa	1
54 02	1
54 03	1
54 04	1
54 07	1
54 10	1
54 19	1
54 1a	1
54 27	1
54 2f	1
54 30	1
54 31	1
54 34	1
54 36	1
54 4d	1
54 54	1
54 5c	1
54 65	1
54 68	1
54 6d	1
54 85	1
54 9f	1
54 be	1
54 cb	1
54 cf	1
54 d4	1
54 f0	1
54 f2	1
55 00	1
55 0a	1
55 29	1
55 33	1
55 40	1
55 47	1
55 48	1
55 4f	1
55 53	1
55 65	1
55 67	1
55 7e	1
55 81	1
55 87	1
55 8d	1
55 95	1
55 a0	1
55 b0	1
55 b1	1
55 b2	1
55 b6	1
55 bf	1
55 d1	1
55 df	1
55 e4	1
55 e5	1
55 e8	1
55 f4	1
55 f8	1
56 04	1
56 06	1
56 14	1
56 15	1
56 18	1
56 37	1
56 3a	1
56 40	1
56 41	1
56 44	1
56 46	1
56 48	1
56 50	1
56 52	1
56 63	1
56 67	1
56 6c	1
56 85	1
56 96	1
56 9a	1
56 a8	1
56 af	1
56 b8	1
56 ba	1
56 c0	1
56 d7	1
56 ea	1
56 ee	1
56 f8	1
57 01	1
57 07	1
57 0a	1
57 0e	1
57 0f	1
57 18	1
57 22	1
57 2a	1
57 2c	1
57 34	1
57 41	1
57 42	1
57 48	1
57 4f	1
57 52	1
57 57	1
57 5f	1
57 6f	1
57 72	1
57 76	1
57 78	1
57 80	1
57 90	1
57 9f	1
57 b5	1
57 ef	1
57 f4	1
57 f9	1
58 03	1
58 07	1
58 08	1
58 09	1
58 0c	1
58 0e	1
58 12	1
58 14	1
58 1c	1
58 23	1
58 24	1
58 27	1
58 2e	1
58 30	1
58 32	1
58 36	1
58 38	1
58 41	1
58 44	1
58 4b	1
58 65	1
58 6e	1
58 80	1
58 84	1
58 89	1
58 92	1
58 95	1
58 9c	1
58 9d	1
58 a1	1
58 ab	1
58 b2	1
58 c9	1
58 d6	1
58 d9	1
58 e3	1
58 f4	1
58 f7	1
58 fb	1
59 03	1
59 0b	1
59 0f	1
59 19	1
59 1a	1
59 1c	1
59 1e	1
59 31	1
59 3c	1
59 3e	1
59 49	1
59 59	1
59 61	1
59 6b	1
59 6c	1
59 73	1
59 76	1
59 87	1
59 88	1
59 89	1
59 91	1
59 94	1
59 b0	1
59 b1	1
59 ba	1
59 c3	1
59 c6	1
59 cc	1
59 d7	1
59 f0	1
59 f4	1
5a 04	1
5a 08	1
5a 0f	1
5a 14	1
5a 42	1
5a 45	1
5a 48	1
5a 4e	1
5a 59	1
5a 61	1
5a 6f	1
5a 74	1
5a 75	1
5a 76	1
5a 8b	1
5a 92	1
5a 9b	1
5a be	1
5a d7	1
5b 13	1
5b 17	1
5b 18	1
5b 1f	1
5b 25	1
5b 27	1
5b 28	1
5b 47	1
5b 4a	1
5b 62	1
5b 6a	1
5b 78	1
5b 7b	1
5b 8d	1
5b 8f	1
5b 98	1
5b a3	1
5b a7	1
5b c1	1
5b c2	1
5b db	1
5b e3	1
5b f7	1
5c 06	1
5c 07	1
5c 14	1
5c 34	1
5c 41	1
5c 47	1
5c 58	1
5c 5e	1
5c 73	1
5c 77	1
5c 7f	1
5c 92	1
5c 9e	1
5c c8	1
5c d6	1
5c d8	1
5c f1	1
5c ff	1
5d 06	1
5d 07	1
5d 08	1
5d 0c	1
5d 10	1
5d 19	1
5d 20	1
5d 26	1
5d 2c	1
5d 30	1
5d 40	1
5d 41	1
5d 45	1
5d 48	1
5d 55	1
5d 58	1
5d 5f	1
5d 72	1
5d 7d	1
5d 8e	1
5d 9d	1
5d af	1
5d bf	1
5d c2	1
5d c6	1
5d c9	1
5d d2	1
5d d5	1
5d eb	1
5d f5	1
5e 04	1
5e 07	1
5e 08	1
5e 0a	1
5e 19	1
5e 33	1
5e 34	1
5e 3a	1
5e 3c	1
5e 44	1
5e 54	1
5e 58	1
5e 5f	1
5e 60	1
5e 6a	1
5e 82	1
5e 87	1
5e 97	1
5e c3	1
5e eb	1
5f 00	1
5f 0b	1
5f 10	1
5f 18	1
5f 1d	1
5f 24	1
5f 29	1
5f 2c	1
5f 2e	1
5f 31	1
5f 39	1
5f 3e	1
5f 3f	1
5f 42	1
5f 44	1
5f 45	1
5f 4a	1
5f 4d	1
5f 50	1
5f 52	1
5f 57	1
5f 5a	1
5f 5e	1
5f 5f	1
5f 61	1
5f 64	1
5f 65	1
5f 66	1
5f 68	1
5f 6b	1
5f 6e	1
5f 6f	1
5f 70	1
5f 72	1
5f 73	1
5f 74	1
5f 75	1
5f 81	1
5f 85	1
5f 9a	1
5f a8	1
5f b2	1
5f b3	1
5f b4	1
5f b9	1
5f bc	1
5f bf	1
5f c0	1
5f c3	1
5f d7	1
5f dc	1
5f e0	1
5f e2	1
5f e4	1
5f e9	1
5f f0	1
5f f7	1
5f f8	1
5f fc	1
60 04	1
60 10	1
60 1c	1
60 20	1
60 29	1
60 2c	1
60 30	1
60 35	1
60 38	1
60 3f	1
60 41	1
60 42	1
60 4c	1
60 4f	1
60 56	1
60 57	1
60 58	1
60 63	1
60 67	1
60 6a	1
60 6f	1
60 70	1
60 7d	1
60 82	1
60 83	1
60 84	1
60 85	1
60 8c	1
60 97	1
60 c1	1
60 c3	1
60 c5	1
60 dd	1
60 e0	1
60 e4	1
60 e8	1
60 f8	1
60 f9	1
60 fc	1
61 00	1
61 0d	1
61 13	1
61 17	1
61 20	1
61 25	1
61 27	1
61 28	1
61 2f	1
61 32	1
61 34	1
61 35	1
61 38	1
61 3b	1
61 40	1
61 43	1
61 49	1
61 5c	1
61 6d	1
61 6e	1
61 73	1
61 75	1
61 77	1
61 7d	1
61 7f	1
61 8c	1
61 9c	1
61 a2	1
61 b6	1
61 bb	1
61 c4	1
61 c9	1
61 d8	1
61 db	1
61 e7	1
61 f4	1
61 ff	1
62 00	1
62 09	1
62 0e	1
62 14	1
62 17	1
62 2f	1
62 37	1
62 4c	1
62 4d	1
62 52	1
62 53	1
62 57	1
62 5f	1
62 63	1
62 6c	1
62 70	1
62 73	1
62 79	1
62 85	1
62 98	1
62 a3	1
62 c1	1
62 d1	1
62 d6	1
63 02	1
63 08	1
63 0d	1
63 0f	1
63 14	1
63 1e	1
63 25	1
63 2f	1
63 37	1
63 3d	1
63 44	1
63 52	1
63 56	1
63 5a	1
63 62	1
63 63	1
63 64	1
63 65	1
63 6a	1
63 6b	1
63 6f	1
63 75	1
63 76	1
63 88	1
63 89	1
63 90	1
63 9b	1
63 ad	1
63 c1	1
63 cc	1
63 d2	1
63 d8	1
63 dc	1
63 df	1
63 e8	1
63 f5	1
63 fd	1
64 00	1
64 03	1
64 04	1
64 0b	1
64 0f	1
64 10	1
64 11	1
64 13	1
64 1f	1
64 2d	1
64 34	1
64 3a	1
64 3d	1
64 3f	1
64 4c	1
64 4e	1
64 5a	1
64 5d	1
64 65	1
64 67	1
64 6c	1
64 6f	1
64 72	1
64 80	1
64 84	1
64 9d	1
64 ab	1
64 af	1
64 b0	1
64 b4	1
64 bb	1
64 c0	1
64 d5	1
64 db	1
64 e0	1
64 e1	1
64 e2	1
64 e3	1
64 f5	1
65 00	1
65 04	1
65 05	1
65 07	1
65 12	1
65 1e	1
65 21	1
65 29	1
65 2e	1
65 34	1
65 40	1
65 45	1
65 49	1
65 50	1
65 54	1
65 55	1
65 5f	1
65 63	1
65 64	1
65 67	1
65 68	1
65 6b	1
65 6d	1
65 6e	1
65 70	1
65 71	1
65 73	1
65 74	1
65 78	1
65 80	1
65 9c	1
65 9e	1
65 a8	1
65 ac	1
65 b1	1
65 c0	1
65 cd	1
65 ce	1
66 04	1
66 0b	1
66 0c	1
66 16	1
66 18	1
66 20	1
66 22	1
66 26	1
66 2a	1
66 2f	1
66 3a	1
66 46	1
66 4c	1
66 4e	1
66 4f	1
66 61	1
66 69	1
66 6a	1
66 6f	1
66 87	1
66 9f	1
66 a4	1
66 ab	1
66 c1	1
66 d5	1
67 01	1
67 02	1
67 06	1
67 0d	1
67 10	1
67 1d	1
67 20	1
67 28	1
67 43	1
67 45	1
67 4c	1
67 4f	1
67 50	1
67 65	1
67 6d	1
67 6e	1
67 76	1
67 84	1
67 87	1
67 89	1
67 8e	1
67 95	1
67 b5	1
67 b7	1
67 b8	1
67 bf	1
67 c0	1
67 cc	1
67 da	1
67 e4	1
67 f0	1
67 fb	1
68 09	1
68 0c	1
68 19	1
68 1c	1
68 1e	1
68 21	1
68 25	1
68 34	1
68 40	1
68 49	1
68 4d	1
68 4f	1
68 5b	1
68 5e	1
68 5f	1
68 61	1
68 64	1
68 7a	1
68 89	1
68 d6	1
68 df	1
68 fe	1
69 02	1
69 09	1
69 15	1
69 19	1
69 1a	1
69 1c	1
69 20	1
69 2e	1
69 2f	1
69 50	1
69 58	1
69 5c	1
69 62	1
69 63	1
69 65	1
69 66	1
69 68	1
69 69	1
69 6b	1
69 6e	1
69 76	1
69 77	1
69 7a	1
69 81	1
69 8b	1
69 9c	1
69 9e	1
69 a0	1
69 ae	1
69 ba	1
69 c4	1
69 d9	1
69 eb	1
69 ef	1
6a 00	1
6a 09	1
6a 0d	1
6a 1c	1
6a 1e	1
6a 1f	1
6a 3b	1
6a 3c	1
6a 3f	1
6a 40	1
6a 42	1
6a 43	1
6a 45	1
6a 60	1
6a 63	1
6a 73	1
6a 76	1
6a 7f	1
6a 85	1
6a b7	1
6a c2	1
6b 00	1
6b 01	1
6b 03	1
6b 0b	1
6b 10	1
6b 29	1
6b 30	1
6b 3c	1
6b 42	1
6b 59	1
6b 65	1
6b 6d	1
6b 80	1
6b 84	1
6b 86	1
6b 8a	1
6b b6	1
6b bb	1
6b cf	1
6b d5	1
6b de	1
6c 01	1
6c 05	1
6c 06	1
6c 0c	1
6c 0d	1
6c 10	1
6c 14	1
6c 17	1
6c 19	1
6c 1f	1
6c 20	1
6c 28	1
6c 2b	1
6c 30	1
6c 32	1
6c 40	1
6c 5d	1
6c 61	1
6c 67	1
6c 6b	1
6c 6f	1
6c 70	1
6c 72	1
6c 80	1
6c 81	1
6c 82	1
6c 94	1
6c 95	1
6c b4	1
6c b6	1
6c bd	1
6c bf	1
6c c0	1
6c c2	1
6c c7	1
6c d3	1
6c db	1
6c dd	1
6c e1	1
6c ff	1
6d 00	1
6d 01	1
6d 08	1
6d 09	1
6d 0b	1
6d 0d	1
6d 0f	1
6d 10	1
6d 21	1
6d 2c	1
6d 2d	1
6d 33	1
6d 34	1
6d 5c	1
6d 61	1
6d 63	1
6d 66	1
6d 6b	1
6d 6f	1
6d 70	1
6d 74	1
6d 79	1
6d 7d	1
6d 93	1
6d 9c	1
6d b0	1
6d c0	1
6d c1	1
6d c3	1
6d c7	1
6d c9	1
6d d9	1
6d db	1
6d e0	1
6d ee	1
6d f1	1
6d ff	1
6e 02	1
6e 07	1
6e 08	1
6e 11	1
6e 16	1
6e 1a	1
6e 21	1
6e 31	1
6e 34	1
6e 3f	1
6e 40	1
6e 4a	1
6e 4c	1
6e 5f	1
6e 63	1
6e 67	1
6e 74	1
6e 7a	1
6e 81	1
6e 90	1
6e 93	1
6e 99	1
6e a0	1
6e ab	1
6e ad	1
6e b1	1
6e be	1
6e d7	1
6e d9	1
6e e9	1
6e ec	1
6e f7	1
6e fd	1
6f 05	1
6f 08	1
6f 0f	1
6f 10	1
6f 14	1
6f 1b	1
6f 1c	1
6f 1f	1
6f 20	1
6f 35	1
6f 3b	1
6f 45	1
6f 48	1
6f 4f	1
6f 53	1
6f 63	1
6f 6c	1
6f 6f	1
6f 70	1
6f 75	1
6f 77	1
6f 78	1
6f 79	1
6f 7a	1
6f 7d	1
6f 81	1
6f 85	1
6f 8d	1
6f 90	1
6f 9c	1
6f a9	1
6f ad	1
6f b0	1
6f b5	1
6f d0	1
6f d9	1
6f dc	1
6f dd	1
6f de	1
6f df	1
6f f8	1
6f fa	1
6f ff	1
70 07	1
70 08	1
70 12	1
70 1b	1
70 28	1
70 32	1
70 34	1
70 35	1
70 3a	1
70 4b	1
70 56	1
70 58	1
70 5c	1
70 60	1
70 61	1
70 6c	1
70 70	1
70 74	1
70 78	1
70 82	1
70 83	1
70 9b	1
70 af	1
70 b0	1
70 b7	1
70 ca	1
70 e6	1
70 eb	1
70 ff	1
71 00	1
71 01	1
71 0b	1
71 2b	1
71 33	1
71 60	1
71 63	1
71 72	1
71 79	1
71 97	1
71 cf	1
71 da	1
71 e0	1
71 e6	1
72 06	1
72 0a	1
72 16	1
72 21	1
72 26	1
72 2d	1
72 2f	1
72 30	1
72 35	1
72 45	1
72 4d	1
72 6b	1
72 72	1
72 74	1
72 75	1
72 85	1
72 90	1
72 96	1
72 b0	1
72 b9	1
72 c8	1
72 c9	1
72 ce	1
72 dc	1
72 dd	1
72 e6	1
72 f2	1
72 fd	1
73 00	1
73 06	1
73 07	1
73 0d	1
73 10	1
73 11	1
73 13	1
73 15	1
73 1f	1
73 2e	1
73 35	1
73 3a	1
73 3e	1
73 50	1
73 58	1
73 63	1
73 66	1
73 6c	1
73 6f	1
73 75	1
73 79	1
73 7a	1
73 7d	1
73 b0	1
73 bb	1
73 c2	1
73 eb	1
73 f2	1
73 ff	1
74 02	1
74 06	1
74 11	1
74 15	1
74 19	1
74 1f	1
74 20	1
74 24	1
74 25	1
74 29	1
74 34	1
74 38	1
74 3e	1
74 4c	1
74 61	1
74 64	1
74 66	1
74 6c	1
74 74	1
74 75	1
74 76	1
74 7d	1
74 90	1
74 97	1
74 a2	1
74 ab	1
74 ac	1
74 b1	1
74 cb	1
74 d9	1
74 f4	1
75 00	1
75 03	1
75 07	1
75 0b	1
75 0f	1
75 19	1
75 1a	1
75 1f	1
75 24	1
75 26	1
75 29	1
75 2e	1
75 34	1
75 41	1
75 43	1
75 47	1
75 50	1
75 51	1
75 60	1
75 64	1
75 6e	1
75 70	1
75 72	1
75 74	1
75 79	1
75 87	1
75 99	1
75 9d	1
75 a0	1
75 ba	1
75 c0	1
75 cc	1
75 d1	1
75 d9	1
75 dd	1
75 ea	1
75 f0	1
76 05	1
76 08	1
76 0a	1
76 0d	1
76 11	1
76 15	1
76 18	1
76 21	1
76 28	1
76 29	1
76 30	1
76 31	1
76 32	1
76 43	1
76 44	1
76 45	1
76 48	1
76 4b	1
76 56	1
76 61	1
76 65	1
76 68	1
76 69	1
76 6b	1
76 6c	1
76 6f	1
76 75	1
76 7c	1
76 7e	1
76 80	1
76 82	1
76 83	1
76 86	1
76 87	1
76 8b	1
76 8d	1
76 9c	1
76 a0	1
76 c2	1
76 c3	1
76 c8	1
76 d7	1
76 db	1
76 e4	1
76 e8	1
76 f7	1
76 ff	1
77 00	1
77 02	1
77 05	1
77 17	1
77 18	1
77 1b	1
77 20	1
77 24	1
77 28	1
77 2f	1
77 35	1
77 42	1
77 45	1
77 4d	1
77 68	1
77 72	1
77 76	1
77 7a	1
77 7d	1
77 8e	1
77 a4	1
77 a8	1
77 b2	1
77 bb	1
77 bf	1
77 c4	1
77 c8	1
77 cc	1
77 eb	1
77 ec	1
77 ed	1
77 ee	1
77 f5	1
78 00	1
78 05	1
78 07	1
78 0a	1
78 0d	1
78 11	1
78 12	1
78 17	1
78 20	1
78 2d	1
78 2e	1
78 3c	1
78 45	1
78 55	1
78 59	1
78 5f	1
78 65	1
78 76	1
78 78	1
78 86	1
78 88	1
78 9d	1
78 a8	1
78 c2	1
78 c4	1
78 d0	1
78 d2	1
78 d3	1
78 d4	1
78 dd	1
78 df	1
78 f6	1
78 f8	1
78 ff	1
79 00	1
79 10	1
79 1f	1
79 20	1
79 38	1
79 46	1
79 47	1
79 49	1
79 4b	1
79 4d	1
79 54	1
79 6e	1
79 76	1
79 77	1
79 7b	1
79 9c	1
79 d1	1
79 de	1
79 ee	1
7a 01	1
7a 06	1
7a 0b	1
7a 0d	1
7a 24	1
7a 50	1
7a 52	1
7a 59	1
7a 61	1
7a 65	1
7a 80	1
7a b7	1
7a be	1
7a c9	1
7a de	1
7a fe	1
7b 08	1
7b 11	1
7b 28	1
7b 61	1
7b 68	1
7b 73	1
7b 74	1
7b 76	1
7b 7b	1
7b 85	1
7b bb	1
7b c3	1
7b cb	1
7b e1	1
7b e3	1
7b ef	1
7b fb	1
7c 0b	1
7c 17	1
7c 1b	1
7c 1f	1
7c 20	1
7c 2d	1
7c 36	1
7c 37	1
7c 3a	1
7c 40	1
7c 50	1
7c 55	1
7c 58	1
7c 5f	1
7c 8a	1
7c 93	1
7c 94	1
7c 95	1
7c 97	1
7c b0	1
7c b1	1
7c da	1
7d 00	1
7d 04	1
7d 0f	1
7d 16	1
7d 47	1
7d 57	1
7d 6b	1
7d 6c	1
7d 94	1
7d 99	1
7d bf	1
7d c8	1
7d d8	1
7d f8	1
7d ff	1
7e 00	1
7e 10	1
7e 1f	1
7e 25	1
7e 34	1
7e 52	1
7e 6c	1
7e 70	1
7e 73	1
7e 8c	1
7e 95	1
7e 9d	1
7e be	1
7e d8	1
7e e1	1
7e e2	1
7e e5	1
7e ef	1
7f 01	1
7f 02	1
7f 08	1
7f 09	1
7f 14	1
7f 17	1
7f 1b	1
7f 24	1
7f 30	1
7f 35	1
7f 4c	1
7f 59	1
7f 5e	1
7f 60	1
7f 67	1
7f 71	1
7f 76	1
7f 7f	1
7f 8c	1
7f ac	1
7f ae	1
7f d2	1
7f d9	1
7f ef	1
7f f8	1
7f fc	1
80 05	1
80 10	1
80 17	1
80 1d	1
80 30	1
80 31	1
80 42	1
80 4a	1
80 4c	1
80 4e	1
80 51	1
80 55	1
80 62	1
80 65	1
80 66	1
80 67	1
80 69	1
80 75	1
80 7f	1
80 80	1
80 83	1
80 92	1
80 af	1
80 bd	1
80 c9	1
80 d4	1
80 d9	1
80 db	1
80 e7	1
80 f0	1
80 f8	1
81 01	1
81 02	1
81 0a	1
81 15	1
81 35	1
81 41	1
81 45	1
81 4b	1
81 4d	1
81 54	1
81 5f	1
81 71	1
81 74	1
81 84	1
81 91	1
81 aa	1
81 ac	1
81 c0	1
81 d0	1
81 ed	1
81 ef	1
81 f0	1
81 fd	1
81 ff	1
82 00	1
82 01	1
82 07	1
82 0a	1
82 0c	1
82 10	1
82 17	1
82 1d	1
82 3f	1
82 4f	1
82 53	1
82 61	1
82 63	1
82 72	1
82 9c	1
82 c8	1
82 d0	1
82 e7	1
82 e9	1
82 ec	1
83 04	1
83 07	1
83 0e	1
83 0f	1
83 16	1
83 18	1
83 1d	1
83 30	1
83 39	1
83 42	1
83 44	1
83 48	1
83 59	1
83 7d	1
83 7f	1
83 81	1
83 82	1
83 9a	1
83 9c	1
83 9d	1
83 b0	1
83 b5	1
83 c0	1
83 c1	1
83 c3	1
83 c4	1
83 ca	1
83 cf	1
83 e6	1
83 e8	1
83 e9	1
83 ee	1
83 f0	1
83 fc	1
83 fd	1
84 00	1
84 01	1
84 04	1
84 05	1
84 0f	1
84 12	1
84 1c	1
84 1e	1
84 1f	1
84 22	1
84 2f	1
84 30	1
84 34	1
84 35	1
84 3a	1
84 3c	1
84 4c	1
84 4f	1
84 57	1
84 5f	1
84 64	1
84 65	1
84 66	1
84 67	1
84 6c	1
84 6d	1
84 6f	1
84 70	1
84 75	1
84 81	1
84 88	1
84 8c	1
84 90	1
84 a5	1
84 ad	1
84 b1	1
84 be	1
84 c0	1
84 c8	1
84 c9	1
84 d5	1
84 e2	1
84 ec	1
84 f7	1
85 0b	1
85 0e	1
85 10	1
85 23	1
85 24	1
85 25	1
85 2c	1
85 2f	1
85 37	1
85 38	1
85 3a	1
85 3d	1
85 3f	1
85 4c	1
85 51	1
85 5d	1
85 67	1
85 68	1
85 69	1
85 71	1
85 73	1
85 84	1
85 8e	1
85 9c	1
85 a8	1
85 ab	1
85 bf	1
85 c2	1
85 c4	1
85 c6	1
85 ce	1
85 cf	1
85 d0	1
85 d4	1
85 e2	1
85 e4	1
85 ed	1
85 f5	1
85 f6	1
86 01	1
86 02	1
86 09	1
86 11	1
86 12	1
86 17	1
86 23	1
86 24	1
86 2d	1
86 31	1
86 51	1
86 59	1
86 64	1
86 74	1
86 78	1
86 7d	1
86 81	1
86 90	1
86 96	1
86 a4	1
86 a5	1
86 c1	1
86 c3	1
86 c5	1
86 e9	1
87 00	1
87 02	1
87 13	1
87 15	1
87 20	1
87 24	1
87 28	1
87 2c	1
87 31	1
87 55	1
87 5b	1
87 63	1
87 64	1
87 67	1
87 6c	1
87 7c	1
87 84	1
87 a6	1
87 aa	1
87 b0	1
87 c8	1
87 c9	1
87 cd	1
87 de	1
87 df	1
87 e1	1
87 f6	1
87 fe	1
88 01	1
88 02	1
88 05	1
88 1c	1
88 1f	1
88 2b	1
88 38	1
88 46	1
88 48	1
88 54	1
88 55	1
88 5f	1
88 6c	1
88 73	1
88 77	1
88 81	1
88 82	1
88 8b	1
88 8c	1
88 a1	1
88 b5	1
88 bd	1
88 e6	1
88 f8	1
89 10	1
89 1e	1
89 2c	1
89 31	1
89 3f	1
89 50	1
89 55	1
89 5e	1
89 75	1
89 7d	1
89 86	1
89 87	1
89 94	1
89 b3	1
89 bd	1
89 c7	1
89 cd	1
89 cf	1
89 d7	1
89 d9	1
89 df	1
89 e1	1
89 e2	1
89 ef	1
89 f1	1
89 fa	1
89 fe	1
89 ff	1
8a 07	1
8a 09	1
8a 21	1
8a 2f	1
8a 32	1
8a 33	1
8a 44	1
8a 4c	1
8a 6f	1
8a 84	1
8a 90	1
8a c0	1
8a e0	1
8a e6	1
8b 07	1
8b 08	1
8b 0d	1
8b 0e	1
8b 12	1
8b 14	1
8b 15	1
8b 1d	1
8b 20	1
8b 2c	1
8b 38	1
8b 3b	1
8b 40	1
8b 43	1
8b 44	1
8b 56	1
8b 5e	1
8b 63	1
8b 68	1
8b 6f	1
8b 75	1
8b 76	1
8b 7d	1
8b 9c	1
8b ae	1
8b b0	1
8b cd	1
8b d5	1
8b ec	1
8b ee	1
8b ef	1
8b f0	1
8b f1	1
8c 02	1
8c 04	1
8c 05	1
8c 07	1
8c 0a	1
8c 0b	1
8c 16	1
8c 17	1
8c 1f	1
8c 28	1
8c 29	1
8c 2b	1
8c 33	1
8c 34	1
8c 3b	1
8c 40	1
8c 47	1
8c 4e	1
8c 55	1
8c 62	1
8c 79	1
8c 84	1
8c 86	1
8c 88	1
8c 8c	1
8c 90	1
8c 96	1
8c cb	1
8c f4	1
8d 02	1
8d 0c	1
8d 0e	1
8d 10	1
8d 17	1
8d 21	1
8d 2d	1
8d 32	1
8d 35	1
8d 36	1
8d 3b	1
8d 3c	1
8d 40	1
8d 45	1
8d 55	1
8d 6c	1
8d 6d	1
8d 6f	1
8d 70	1
8d 76	1
8d 7b	1
8d 7c	1
8d 7f	1
8d 82	1
8d 95	1
8d 9a	1
8d b8	1
8d be	1
8d c7	1
8d cf	1
8d ff	1
8e 01	1
8e 10	1
8e 13	1
8e 25	1
8e 32	1
8e 40	1
8e 49	1
8e 4c	1
8e 4d	1
8e 6c	1
8e 73	1
8e 82	1
8e b5	1
8e b6	1
8e bc	1
8e d8	1
8e dd	1
8e f0	1
8f 02	1
8f 14	1
8f 17	1
8f 18	1
8f 21	1
8f 27	1
8f 2c	1
8f 3f	1
8f 40	1
8f 44	1
8f 47	1
8f 52	1
8f 57	1
8f 5b	1
8f 7f	1
8f 83	1
8f a2	1
8f b0	1
8f b1	1
8f b7	1
8f c2	1
8f d4	1
8f dd	1
8f f0	1
90 00	1
90 06	1
90 07	1
90 0c	1
90 0d	1
90 0e	1
90 10	1
90 17	1
90 1a	1
90 1e	1
90 21	1
90 2d	1
90 2f	1
90 41	1
90 42	1
90 5e	1
90 60	1
90 66	1
90 67	1
90 72	1
90 73	1
90 75	1
90 83	1
90 90	1
90 91	1
90 93	1
90 98	1
90 a0	1
90 a6	1
90 a7	1
90 b3	1
90 b8	1
90 ba	1
90 c0	1
90 c5	1
90 c6	1
90 c9	1
90 ca	1
90 ce	1
90 d6	1
90 d8	1
90 e4	1
90 f8	1
90 ff	1
91 04	1
91 07	1
91 1d	1
91 20	1
91 44	1
91 4b	1
91 7f	1
91 ad	1
91 b3	1
91 c0	1
91 c1	1
91 d8	1
92 00	1
92 08	1
92 13	1
92 17	1
92 3a	1
92 3e	1
92 45	1
92 47	1
92 54	1
92 5a	1
92 61	1
92 7f	1
92 80	1
92 82	1
92 8f	1
92 9a	1
92 ad	1
92 b1	1
92 b5	1
92 c0	1
92 c9	1
92 e7	1
92 e9	1
92 f0	1
93 07	1
93 10	1
93 17	1
93 1e	1
93 2f	1
93 41	1
93 4c	1
93 76	1
93 83	1
93 9d	1
93 b1	1
93 b5	1
93 d0	1
93 e7	1
94 01	1
94 04	1
94 08	1
94 09	1
94 0e	1
94 13	1
94 15	1
94 22	1
94 28	1
94 34	1
94 4d	1
94 53	1
94 5f	1
94 64	1
94 74	1
94 80	1
94 8b	1
94 8f	1
94 9b	1
94 a0	1
94 bf	1
94 c4	1
94 df	1
94 ec	1
94 f4	1
95 00	1
95 0b	1
95 1e	1
95 20	1
95 22	1
95 37	1
95 38	1
95 42	1
95 54	1
95 70	1
95 7f	1
95 97	1
95 9c	1
95 a8	1
95 b7	1
95 de	1
95 ee	1
95 f0	1
95 f6	1
96 13	1
96 17	1
96 1c	1
96 20	1
96 28	1
96 29	1
96 2b	1
96 2f	1
96 30	1
96 3b	1
96 46	1
96 4d	1
96 58	1
96 74	1
96 8f	1
96 ad	1
96 c9	1
96 d0	1
96 e8	1
96 ec	1
96 f8	1
97 00	1
97 07	1
97 0c	1
97 0e	1
97 10	1
97 11	1
97 14	1
97 25	1
97 27	1
97 3c	1
97 42	1
97 45	1
97 4e	1
97 59	1
97 60	1
97 6f	1
97 86	1
97 8a	1
97 9d	1
97 b4	1
97 b9	1
97 bb	1
97 c4	1
97 c8	1
97 d2	1
97 e8	1
97 f6	1
98 01	1
98 10	1
98 15	1
98 1d	1
98 3e	1
98 42	1
98 49	1
98 6d	1
98 6f	1
98 72	1
98 90	1
98 ab	1
98 ac	1
98 b0	1
98 bd	1
98 c4	1
98 c7	1
98 c8	1
98 dd	1
98 de	1
98 ed	1
98 ee	1
98 f6	1
99 02	1
99 74	1
99 90	1
99 a0	1
99 b0	1
9a 09	1
9a 2e	1
9a 30	1
9a 3f	1
9a 41	1
9a 46	1
9a 64	1
9a 7e	1
9a 83	1
9a 85	1
9a 94	1
9a 97	1
9a b3	1
9a bc	1
9a e2	1
9b 01	1
9b 04	1
9b 07	1
9b 10	1
9b 20	1
9b 30	1
9b 3f	1
9b 4d	1
9b 50	1
9b 64	1
9b 77	1
9b 7c	1
9b 8c	1
9b 90	1
9b b2	1
9b d0	1
9b f0	1
9c 00	1
9c 05	1
9c 07	1
9c 0a	1
9c 0e	1
9c 10	1
9c 17	1
9c 1f	1
9c 2b	1
9c 2f	1
9c 46	1
9c 49	1
9c 52	1
9c 62	1
9c 64	1
9c 75	1
9c 7d	1
9c 8c	1
9c 98	1
9c b4	1
9c c2	1
9c c7	1
9c e3	1
9d 01	1
9d 07	1
9d 0c	1
9d 1c	1
9d 1d	1
9d 1f	1
9d 23	1
9d 38	1
9d 47	1
9d 5c	1
9d 61	1
9d 7d	1
9d 84	1
9d 93	1
9d af	1
9d b1	1
9d bd	1
9d d4	1
9d e1	1
9d e7	1
9d f2	1
9e 1c	1
9e 2d	1
9e 4b	1
9e 71	1
9e 75	1
9e 9d	1
9e bd	1
9e d1	1
9e d6	1
9e f4	1
9e fd	1
9e ff	1
9f 04	1
9f 1f	1
9f 47	1
9f 60	1
9f 65	1
9f 72	1
9f 75	1
9f 8e	1
9f 9e	1
9f b0	1
9f b5	1
9f f0	1
9f f6	1
9f fc	1
a0 0b	1
a0 14	1
a0 1e	1
a0 3c	1
a0 5e	1
a0 5f	1
a0 83	1
a0 85	1
a0 8c	1
a0 8f	1
a0 91	1
a0 96	1
a0 9a	1
a0 a5	1
a0 b0	1
a0 c4	1
a0 c9	1
a0 d9	1
a0 e8	1
a0 f1	1
a0 ff	1
a1 04	1
a1 07	1
a1 1b	1
a1 2b	1
a1 41	1
a1 4a	1
a1 57	1
a1 5c	1
a1 5e	1
a1 66	1
a1 6d	1
a1 7d	1
a1 c1	1
a1 c5	1
a1 cd	1
a1 d2	1
a2 06	1
a2 1f	1
a2 21	1
a2 39	1
a2 44	1
a2 85	1
a2 b0	1
a2 cb	1
a2 df	1
a3 07	1
a3 0e	1
a3 1d	1
a3 22	1
a3 35	1
a3 36	1
a3 48	1
a3 58	1
a3 5b	1
a3 6c	1
a3 6d	1
a3 6f	1
a3 83	1
a3 aa	1
a3 cb	1
a3 e9	1
a4 01	1
a4 08	1
a4 11	1
a4 17	1
a4 1d	1
a4 20	1
a4 23	1
a4 24	1
a4 30	1
a4 47	1
a4 5f	1
a4 60	1
a4 69	1
a4 6a	1
a4 6c	1
a4 77	1
a4 85	1
a4 91	1
a4 99	1
a4 9a	1
a4 a0	1
a4 d3	1
a4 dd	1
a4 fe	1
a5 04	1
a5 0b	1
a5 11	1
a5 1a	1
a5 1c	1
a5 25	1
a5 40	1
a5 46	1
a5 7d	1
a5 97	1
a5 a3	1
a5 b0	1
a6 07	1
a6 10	1
a6 17	1
a6 39	1
a6 3e	1
a6 42	1
a6 5a	1
a6 64	1
a6 6a	1
a6 73	1
a6 76	1
a6 88	1
a6 9e	1
a6 b0	1
a6 b2	1
a6 bc	1
a6 c7	1
a6 d7	1
a6 db	1
a6 f9	1
a7 0c	1
a7 0d	1
a7 15	1
a7 17	1
a7 18	1
a7 1f	1
a7 23	1
a7 28	1
a7 43	1
a7 44	1
a7 52	1
a7 5f	1
a7 64	1
a7 65	1
a7 66	1
a7 93	1
a7 97	1
a7 ac	1
a7 c4	1
a7 cc	1
a7 df	1
a7 e1	1
a7 f2	1
a7 f4	1
a8 08	1
a8 12	1
a8 14	1
a8 1b	1
a8 1d	1
a8 1e	1
a8 31	1
a8 33	1
a8 34	1
a8 3f	1
a8 41	1
a8 52	1
a8 54	1
a8 56	1
a8 69	1
a8 76	1
a8 eb	1
a8 f0	1
a8 f3	1
a9 2c	1
a9 33	1
a9 6f	1
a9 9b	1
a9 b2	1
aa 01	1
aa 05	1
aa 0d	1
aa 16	1
aa 28	1
aa 4c	1
aa 70	1
aa 87	1
aa 8c	1
aa 90	1
aa 92	1
aa bb	1
aa f8	1
ab 08	1
ab 0c	1
ab 12	1
ab 14	1
ab 29	1
ab 47	1
ab 4c	1
ab 57	1
ab 60	1
ab 81	1
ab 89	1
ab a5	1
ab d8	1
ac 06	1
ac 0e	1
ac 10	1
ac 11	1
ac 17	1
ac 1b	1
ac 20	1
ac 21	1
ac 2e	1
ac 30	1
ac 42	1
ac 4f	1
ac 55	1
ac 63	1
ac 69	1
ac 6d	1
ac 74	1
ac 7f	1
ac 84	1
ac 85	1
ac 96	1
ac 98	1
ac 9b	1
ac c9	1
ac d4	1
ac de	1
ad 05	1
ad 16	1
ad 21	1
ad 2c	1
ad 40	1
ad 44	1
ad 53	1
ad 56	1
ad 73	1
ad 8d	1
ad 90	1
ad 97	1
ad ad	1
ad c0	1
ad d1	1
ad fd	1
ae 08	1
ae 0e	1
ae 18	1
ae 1f	1
ae 2f	1
ae 38	1
ae 3c	1
ae 59	1
ae 5d	1
ae 66	1
ae 73	1
ae 74	1
ae 79	1
ae 84	1
ae 8c	1
ae af	1
ae b5	1
ae dd	1
ae e0	1
ae e4	1
ae eb	1
ae fc	1
af 02	1
af 07	1
af 0d	1
af 0f	1
af 17	1
af 24	1
af 27	1
af 32	1
af 3a	1
af 4f	1
af 51	1
af 69	1
af 6b	1
af 8b	1
af 90	1
af a1	1
af ab	1
af b9	1
af c2	1
af ec	1
b0 01	1
b0 03	1
b0 0a	1
b0 0c	1
b0 0d	1
b0 15	1
b0 16	1
b0 1b	1
b0 21	1
b0 25	1
b0 30	1
b0 33	1
b0 3a	1
b0 3b	1
b0 3d	1
b0 40	1
b0 44	1
b0 47	1
b0 4e	1
b0 57	1
b0 58	1
b0 5c	1
b0 61	1
b0 63	1
b0 64	1
b0 65	1
b0 6c	1
b0 6e	1
b0 72	1
b0 76	1
b0 77	1
b0 7f	1
b0 8b	1
b0 a3	1
b0 a8	1
b0 ae	1
b0 b1	1
b0 b3	1
b0 b5	1
b0 ba	1
b0 c1	1
b0 c2	1
b0 cd	1
b0 d4	1
b0 d6	1
b0 d9	1
b0 e0	1
b0 ef	1
b0 f3	1
b0 ff	1
b1 03	1
b1 11	1
b1 12	1
b1 27	1
b1 34	1
b1 40	1
b1 49	1
b1 66	1
b1 67	1
b1 6d	1
b1 7b	1
b1 86	1
b1 a7	1
b1 d9	1
b2 04	1
b2 05	1
b2 07	1
b2 11	1
b2 16	1
b2 21	1
b2 2e	1
b2 2f	1
b2 44	1
b2 4a	1
b2 52	1
b2 54	1
b2 57	1
b2 5b	1
b2 68	1
b2 6e	1
b2 76	1
b2 85	1
b2 87	1
b2 88	1
b2 8e	1
b2 ba	1
b2 c1	1
b2 d9	1
b2 df	1
b2 e0	1
b2 e2	1
b2 e4	1
b2 fb	1
b3 06	1
b3 07	1
b3 10	1
b3 16	1
b3 17	1
b3 2b	1
b3 3f	1
b3 49	1
b3 5b	1
b3 5d	1
b3 6c	1
b3 70	1
b3 71	1
b3 73	1
b3 ae	1
b3 b2	1
b3 c3	1
b3 c9	1
b4 07	1
b4 08	1
b4 09	1
b4 15	1
b4 18	1
b4 31	1
b4 34	1
b4 44	1
b4 45	1
b4 56	1
b4 64	1
b4 69	1
b4 81	1
b4 b1	1
b4 b5	1
b4 b6	1
b4 d9	1
b5 0e	1
b5 12	1
b5 1e	1
b5 42	1
b5 54	1
b5 63	1
b5 70	1
b5 74	1
b5 8b	1
b5 b0	1
b5 c0	1
b5 c2	1
b5 d6	1
b5 e1	1
b5 e7	1
b5 ff	1
b6 04	1
b6 08	1
b6 0d	1
b6 0f	1
b6 15	1
b6 1f	1
b6 27	1
b6 37	1
b6 3a	1
b6 3f	1
b6 41	1
b6 45	1
b6 4b	1
b6 4d	1
b6 4f	1
b6 54	1
b6 56	1
b6 60	1
b6 6d	1
b6 72	1
b6 77	1
b6 84	1
b6 99	1
b6 a1	1
b6 c6	1
b6 d0	1
b6 d6	1
b6 f5	1
b6 fb	1
b7 03	1
b7 07	1
b7 0a	1
b7 14	1
b7 19	1
b7 30	1
b7 35	1
b7 38	1
b7 44	1
b7 46	1
b7 47	1
b7 54	1
b7 57	1
b7 59	1
b7 5b	1
b7 60	1
b7 75	1
b7 7b	1
b7 88	1
b7 b4	1
b7 be	1
b7 db	1
b7 dc	1
b7 dd	1
b7 e1	1
b7 ec	1
b7 ed	1
b7 f0	1
b8 09	1
b8 0a	1
b8 0b	1
b8 0d	1
b8 12	1
b8 16	1
b8 17	1
b8 1d	1
b8 2a	1
b8 2e	1
b8 30	1
b8 35	1
b8 3f	1
b8 48	1
b8 5d	1
b8 5f	1
b8 63	1
b8 65	1
b8 74	1
b8 8c	1
b8 b8	1
b8 bc	1
b8 c0	1
b8 d7	1
b8 d9	1
b8 e8	1
b8 f2	1
b8 f8	1
b8 ff	1
b9 10	1
b9 18	1
b9 23	1
b9 28	1
b9 32	1
b9 36	1
b9 37	1
b9 42	1
b9 47	1
b9 4c	1
b9 72	1
b9 73	1
b9 87	1
b9 95	1
b9 a2	1
b9 b7	1
b9 db	1
b9 e4	1
b9 eb	1
b9 f7	1
ba 00	1
ba 03	1
ba 05	1
ba 08	1
ba 10	1
ba 14	1
ba 1f	1
ba 30	1
ba 3d	1
ba 41	1
ba 47	1
ba 4d	1
ba 57	1
ba 59	1
ba 61	1
ba 6c	1
ba 6f	1
ba 80	1
ba 8c	1
ba b4	1
ba b6	1
ba c6	1
ba c8	1
ba cf	1
ba d1	1
ba d6	1
ba db	1
ba f0	1
ba fd	1
ba ff	1
bb 00	1
bb 0b	1
bb 11	1
bb 15	1
bb 2b	1
bb 37	1
bb 51	1
bb 6f	1
bb 81	1
bb 86	1
bb 87	1
bb 89	1
bb 95	1
bb 96	1
bb 9e	1
bb b5	1
bb b9	1
bb bb	1
bb c2	1
bb c8	1
bb d4	1
bb d7	1
bb dd	1
bb ec	1
bb fd	1
bc 00	1
bc 04	1
bc 06	1
bc 09	1
bc 0b	1
bc 0c	1
bc 1f	1
bc 2b	1
bc 34	1
bc 38	1
bc 3a	1
bc 4b	1
bc 5b	1
bc 65	1
bc 66	1
bc 74	1
bc 7b	1
bc b0	1
bc c0	1
bc e9	1
bc f3	1
bd 06	1
bd 10	1
bd 17	1
bd 35	1
bd 3d	1
bd 5b	1
bd 6b	1
bd 86	1
bd 89	1
bd b2	1
bd c4	1
bd cd	1
bd d3	1
bd ec	1
bd ee	1
be 0a	1
be 20	1
be 34	1
be 36	1
be 37	1
be 4b	1
be 4e	1
be 52	1
be 56	1
be 74	1
be 7f	1
be 90	1
be a0	1
be c3	1
be c7	1
be d6	1
be d8	1
be e1	1
be ff	1
bf 00	1
bf 04	1
bf 09	1
bf 0a	1
bf 0c	1
bf 0d	1
bf 11	1
bf 1a	1
bf 1f	1
bf 21	1
bf 26	1
bf 28	1
bf 2a	1
bf 3d	1
bf 49	1
bf 4f	1
bf 60	1
bf 65	1
bf 71	1
bf 79	1
bf 7c	1
bf 90	1
bf 97	1
bf 9c	1
bf ac	1
bf af	1
bf b3	1
bf dd	1
bf e8	1
bf f1	1
bf fc	1
bf fd	1
c0 02	1
c0 06	1
c0 08	1
c0 0e	1
c0 12	1
c0 13	1
c0 14	1
c0 15	1
c0 1e	1
c0 21	1
c0 27	1
c0 28	1
c0 2b	1
c0 45	1
c0 4d	1
c0 4e	1
c0 51	1
c0 53	1
c0 58	1
c0 60	1
c0 62	1
c0 66	1
c0 6a	1
c0 6d	1
c0 74	1
c0 78	1
c0 7a	1
c0 82	1
c0 94	1
c0 9d	1
c0 b7	1
c0 d0	1
c0 d8	1
c0 dd	1
c0 e8	1
c0 f1	1
c0 f2	1
c1 03	1
c1 04	1
c1 07	1
c1 0d	1
c1 0e	1
c1 36	1
c1 38	1
c1 39	1
c1 47	1
c1 4d	1
c1 4f	1
c1 51	1
c1 5d	1
c1 61	1
c1 6d	1
c1 73	1
c1 80	1
c1 8e	1
c1 97	1
c1 98	1
c1 a9	1
c1 b0	1
c1 ba	1
c1 c8	1
c1 d9	1
c1 da	1
c1 df	1
c1 e0	1
c1 e1	1
c1 e9	1
c2 00	1
c2 01	1
c2 02	1
c2 06	1
c2 07	1
c2 0b	1
c2 0e	1
c2 11	1
c2 14	1
c2 19	1
c2 1f	1
c2 2f	1
c2 30	1
c2 31	1
c2 3a	1
c2 3f	1
c2 40	1
c2 42	1
c2 47	1
c2 59	1
c2 5f	1
c2 6a	1
c2 6d	1
c2 74	1
c2 76	1
c2 77	1
c2 7d	1
c2 80	1
c2 84	1
c2 85	1
c2 86	1
c2 92	1
c2 a0	1
c2 a2	1
c2 b1	1
c2 c8	1
c2 d4	1
c2 d7	1
c2 de	1
c2 e5	1
c2 ec	1
c2 ed	1
c2 ee	1
c3 00	1
c3 05	1
c3 0a	1
c3 0b	1
c3 2e	1
c3 33	1
c3 34	1
c3 40	1
c3 41	1
c3 44	1
c3 45	1
c3 51	1
c3 57	1
c3 6b	1
c3 6e	1
c3 a6	1
c3 a8	1
c3 b0	1
c3 bf	1
c3 d1	1
c3 db	1
c3 e9	1
c4 00	1
c4 09	1
c4 1a	1
c4 1c	1
c4 1d	1
c4 1f	1
c4 20	1
c4 37	1
c4 38	1
c4 80	1
c4 81	1
c4 85	1
c4 92	1
c4 ac	1
c4 b2	1
c4 c6	1
c4 c9	1
c4 df	1
c4 f4	1
c5 01	1
c5 02	1
c5 07	1
c5 2f	1
c5 32	1
c5 43	1
c5 5c	1
c5 60	1
c5 64	1
c5 a2	1
c5 ac	1
c5 b3	1
c5 b6	1
c5 d0	1
c5 ff	1
c6 07	1
c6 09	1
c6 10	1
c6 16	1
c6 19	1
c6 20	1
c6 27	1
c6 29	1
c6 38	1
c6 3b	1
c6 3f	1
c6 4a	1
c6 65	1
c6 81	1
c6 85	1
c6 88	1
c6 8d	1
c6 ae	1
c6 c1	1
c6 c9	1
c6 d7	1
c6 da	1
c6 dd	1
c6 e8	1
c6 eb	1
c7 01	1
c7 09	1
c7 0e	1
c7 0f	1
c7 10	1
c7 18	1
c7 26	1
c7 2a	1
c7 2f	1
c7 53	1
c7 59	1
c7 65	1
c7 66	1
c7 78	1
c7 84	1
c7 94	1
c7 ae	1
c7 bc	1
c7 c1	1
c7 c6	1
c7 e7	1
c8 0a	1
c8 10	1
c8 1a	1
c8 20	1
c8 21	1
c8 2e	1
c8 30	1
c8 34	1
c8 37	1
c8 41	1
c8 43	1
c8 48	1
c8 4e	1
c8 60	1
c8 61	1
c8 62	1
c8 68	1
c8 69	1
c8 72	1
c8 74	1
c8 83	1
c8 84	1
c8 86	1
c8 88	1
c8 8d	1
c8 b6	1
c8 c4	1
c8 c6	1
c8 c8	1
c8 c9	1
c8 dc	1
c8 ff	1
c9 00	1
c9 01	1
c9 07	1
c9 11	1
c9 15	1
c9 17	1
c9 1e	1
c9 21	1
c9 28	1
c9 29	1
c9 31	1
c9 37	1
c9 47	1
c9 48	1
c9 49	1
c9 4e	1
c9 50	1
c9 69	1
c9 71	1
c9 75	1
c9 80	1
c9 8e	1
c9 9a	1
c9 a8	1
c9 ab	1
c9 bb	1
c9 c0	1
c9 e0	1
c9 e8	1
c9 eb	1
ca 01	1
ca 0b	1
ca 0e	1
ca 1c	1
ca 2f	1
ca 35	1
ca 3f	1
ca 42	1
ca 52	1
ca 5b	1
ca 6c	1
ca 78	1
ca 7e	1
ca 8a	1
ca 8b	1
ca 92	1
ca b2	1
ca b8	1
ca c4	1
ca df	1
ca eb	1
cb 03	1
cb 32	1
cb 3e	1
cb 43	1
cb 49	1
cb 53	1
cb 55	1
cb 67	1
cb 6c	1
cb 86	1
cb a6	1
cb b7	1
cb bc	1
cb ce	1
cb d4	1
cb d6	1
cb d8	1
cb db	1
cb f9	1
cc 0e	1
cc 0f	1
cc 24	1
cc 2c	1
cc 3b	1
cc 3f	1
cc 55	1
cc 58	1
cc 61	1
cc a6	1
cc e6	1
cc ee	1
cc f4	1
cc f8	1
cd 01	1
cd 02	1
cd 08	1
cd 20	1
cd 2f	1
cd 5e	1
cd 76	1
cd b2	1
cd c2	1
cd c9	1
cd d0	1
cd ed	1
cd fe	1
ce 0e	1
ce 0f	1
ce 17	1
ce 2f	1
ce 30	1
ce 31	1
ce 48	1
ce 4e	1
ce 53	1
ce 5f	1
ce 6f	1
ce b0	1
ce b6	1
ce cf	1
ce d5	1
ce ff	1
cf 07	1
cf 20	1
cf 2f	1
cf 73	1
cf 76	1
cf 9d	1
cf cf	1
cf d8	1
cf e0	1
cf f1	1
cf fe	1
d0 07	1
d0 09	1
d0 0b	1
d0 0c	1
d0 0d	1
d0 12	1
d0 17	1
d0 19	1
d0 2e	1
d0 35	1
d0 3b	1
d0 3e	1
d0 47	1
d0 49	1
d0 67	1
d0 7e	1
d0 80	1
d0 bb	1
d0 c1	1
d0 c3	1
d0 d0	1
d0 d1	1
d0 da	1
d0 e0	1
d0 eb	1
d0 ee	1
d0 fd	1
d0 ff	1
d1 04	1
d1 05	1
d1 08	1
d1 0e	1
d1 36	1
d1 45	1
d1 4f	1
d1 5e	1
d1 5f	1
d1 6d	1
d1 8e	1
d1 a7	1
d1 b5	1
d1 c4	1
d1 c8	1
d1 c9	1
d1 cb	1
d1 ec	1
d1 ed	1
d2 01	1
d2 0d	1
d2 12	1
d2 1a	1
d2 1b	1
d2 21	1
d2 22	1
d2 25	1
d2 31	1
d2 38	1
d2 45	1
d2 60	1
d2 65	1
d2 74	1
d2 75	1
d2 7e	1
d2 94	1
d2 d2	1
d2 d9	1
d2 e0	1
d2 e7	1
d2 fd	1
d3 01	1
d3 08	1
d3 15	1
d3 17	1
d3 18	1
d3 2d	1
d3 3d	1
d3 42	1
d3 45	1
d3 5d	1
d3 64	1
d3 73	1
d3 7b	1
d3 7f	1
d3 84	1
d3 88	1
d3 97	1
d3 b4	1
d3 b6	1
d3 b9	1
d3 cc	1
d3 ec	1
d3 fc	1
d4 05	1
d4 26	1
d4 36	1
d4 44	1
d4 47	1
d4 48	1
d4 52	1
d4 61	1
d4 64	1
d4 69	1
d4 70	1
d4 75	1
d4 81	1
d4 99	1
d4 a6	1
d4 af	1
d4 b7	1
d4 f0	1
d4 f8	1
d5 22	1
d5 2e	1
d5 36	1
d5 3c	1
d5 41	1
d5 4c	1
d5 5d	1
d5 6e	1
d5 b3	1
d5 bf	1
d5 d3	1
d5 db	1
d5 e8	1
d6 14	1
d6 29	1
d6 2d	1
d6 2f	1
d6 48	1
d6 58	1
d6 60	1
d6 67	1
d6 6b	1
d6 6c	1
d6 6d	1
d6 77	1
d6 7d	1
d6 ad	1
d6 b0	1
d6 b8	1
d6 bd	1
d6 c1	1
d6 d2	1
d6 de	1
d6 e6	1
d7 00	1
d7 05	1
d7 07	1
d7 0d	1
d7 1a	1
d7 30	1
d7 31	1
d7 34	1
d7 48	1
d7 4d	1
d7 56	1
d7 6e	1
d7 74	1
d7 76	1
d7 7d	1
d7 8b	1
d7 9a	1
d7 bb	1
d7 cc	1
d7 f2	1
d8 04	1
d8 0c	1
d8 13	1
d8 14	1
d8 16	1
d8 18	1
d8 19	1
d8 1a	1
d8 1d	1
d8 24	1
d8 27	1
d8 34	1
d8 35	1
d8 42	1
d8 4e	1
d8 54	1
d8 5d	1
d8 60	1
d8 61	1
d8 7d	1
d8 83	1
d8 87	1
d8 93	1
d8 99	1
d8 a0	1
d8 a4	1
d8 b6	1
d8 c0	1
d8 c1	1
d8 c3	1
d8 c7	1
d8 c9	1
d8 eb	1
d9 02	1
d9 0b	1
d9 10	1
d9 16	1
d9 19	1
d9 1b	1
d9 20	1
d9 21	1
d9 40	1
d9 49	1
d9 53	1
d9 60	1
d9 61	1
d9 6d	1
d9 81	1
d9 85	1
d9 89	1
d9 91	1
d9 a0	1
d9 af	1
d9 b6	1
d9 dc	1
d9 e4	1
d9 ed	1
d9 fc	1
da 07	1
da 11	1
da 13	1
da 15	1
da 17	1
da 1e	1
da 33	1
da 38	1
da 45	1
da 48	1
da 4a	1
da 4c	1
da 50	1
da 54	1
da 59	1
da 5f	1
da 61	1
da 67	1
da 68	1
da 6f	1
da 8f	1
da 94	1
da a1	1
da a7	1
da b7	1
da bf	1
da d1	1
da ec	1
da f8	1
db 04	1
db 05	1
db 09	1
db 0a	1
db 0f	1
db 11	1
db 1b	1
db 20	1
db 2e	1
db 30	1
db 32	1
db 33	1
db 3a	1
db 43	1
db 55	1
db 59	1
db 5a	1
db 5f	1
db 6c	1
db 6f	1
db 70	1
db 72	1
db 73	1
db 77	1
db 79	1
db 7f	1
db 82	1
db 89	1
db 9d	1
db 9e	1
db a6	1
db b3	1
db cd	1
db d0	1
db d1	1
db d6	1
db dd	1
db e2	1
db ee	1
dc 02	1
dc 05	1
dc 0c	1
dc 1e	1
dc 22	1
dc 2e	1
dc 31	1
dc 39	1
dc 43	1
dc 4a	1
dc 52	1
dc 64	1
dc 70	1
dc 7a	1
dc 80	1
dc af	1
dc b6	1
dc be	1
dc c7	1
dc d7	1
dc dd	1
dc e8	1
dc ee	1
dc f7	1
dc fe	1
dd 05	1
dd 12	1
dd 15	1
dd 25	1
dd 26	1
dd 39	1
dd 3d	1
dd 40	1
dd 42	1
dd 47	1
dd 4d	1
dd 54	1
dd 5e	1
dd 5f	1
dd 6d	1
dd 6e	1
dd 77	1
dd 82	1
dd 85	1
dd 93	1
dd a4	1
dd a6	1
dd ad	1
dd b2	1
dd b3	1
dd b7	1
dd bd	1
dd bf	1
dd c2	1
dd c4	1
dd c6	1
dd cb	1
dd de	1
dd e0	1
dd e4	1
dd e6	1
dd e8	1
dd ef	1
dd f4	1
dd ff	1
de 00	1
de 01	1
de 1f	1
de 45	1
de 50	1
de 5a	1
de 79	1
de 7d	1
de a7	1
de a8	1
de b6	1
de d0	1
de d2	1
de da	1
de dc	1
de f8	1
de ff	1
df 06	1
df 07	1
df 09	1
df 10	1
df 1c	1
df 28	1
df 34	1
df 3e	1
df 3f	1
df 5b	1
df 6e	1
df 73	1
df 7b	1
df ae	1
df af	1
df b6	1
df b7	1
df bd	1
df be	1
df c0	1
df c7	1
e0 06	1
e0 07	1
e0 08	1
e0 16	1
e0 18	1
e0 1b	1
e0 29	1
e0 2c	1
e0 39	1
e0 3e	1
e0 42	1
e0 48	1
e0 49	1
e0 4f	1
e0 5f	1
e0 64	1
e0 6c	1
e0 75	1
e0 7a	1
e0 81	1
e0 89	1
e0 98	1
e0 99	1
e0 a4	1
e0 b0	1
e0 b1	1
e0 c4	1
e0 e1	1
e0 f0	1
e0 fd	1
e1 0c	1
e1 0d	1
e1 11	1
e1 12	1
e1 14	1
e1 18	1
e1 22	1
e1 23	1
e1 2c	1
e1 34	1
e1 40	1
e1 48	1
e1 66	1
e1 6c	1
e1 79	1
e1 86	1
e1 90	1
e1 95	1
e1 ad	1
e1 ae	1
e1 c0	1
e1 c2	1
e1 c3	1
e1 ec	1
e1 fe	1
e1 ff	1
e2 0b	1
e2 1b	1
e2 32	1
e2 49	1
e2 66	1
e2 84	1
e2 85	1
e2 b0	1
e2 ce	1
e2 e1	1
e2 e6	1
e2 fd	1
e3 01	1
e3 07	1
e3 11	1
e3 1c	1
e3 25	1
e3 31	1
e3 77	1
e3 83	1
e3 88	1
e3 8a	1
e3 8e	1
e3 91	1
e3 b7	1
e3 be	1
e3 c3	1
e3 d6	1
e3 d8	1
e4 00	1
e4 04	1
e4 06	1
e4 13	1
e4 17	1
e4 18	1
e4 1c	1
e4 2e	1
e4 37	1
e4 4a	1
e4 54	1
e4 56	1
e4 58	1
e4 6d	1
e4 85	1
e4 90	1
e4 9b	1
e4 a7	1
e4 c0	1
e4 d4	1
e4 d7	1
e4 f0	1
e5 02	1
e5 2e	1
e5 40	1
e5 63	1
e5 74	1
e5 8d	1
e5 c9	1
e5 de	1
e6 01	1
e6 04	1
e6 0f	1
e6 14	1
e6 48	1
e6 4c	1
e6 79	1
e6 7a	1
e6 a5	1
e6 ae	1
e6 b0	1
e6 b4	1
e6 b7	1
e6 bf	1
e6 c0	1
e6 f0	1
e6 f6	1
e7 02	1
e7 1e	1
e7 2c	1
e7 36	1
e7 3f	1
e7 44	1
e7 53	1
e7 62	1
e7 89	1
e7 91	1
e7 94	1
e7 b7	1
e7 d3	1
e7 d7	1
e8 09	1
e8 0c	1
e8 12	1
e8 14	1
e8 15	1
e8 16	1
e8 17	1
e8 20	1
e8 2f	1
e8 31	1
e8 3a	1
e8 42	1
e8 48	1
e8 53	1
e8 5e	1
e8 5f	1
e8 61	1
e8 77	1
e8 7b	1
e8 84	1
e8 85	1
e8 89	1
e8 8b	1
e8 96	1
e8 9a	1
e8 b0	1
e8 b7	1
e8 bd	1
e8 be	1
e8 bf	1
e8 c2	1
e8 cb	1
e8 ce	1
e8 d0	1
e8 d2	1
e8 d9	1
e8 e3	1
e8 e6	1
e8 e8	1
e8 f0	1
e8 f4	1
e9 02	1
e9 07	1
e9 0c	1
e9 16	1
e9 18	1
e9 57	1
e9 60	1
e9 6e	1
e9 85	1
e9 8c	1
e9 8e	1
e9 c2	1
e9 cb	1
e9 da	1
ea 03	1
ea 08	1
ea 0b	1
ea 0e	1
ea 11	1
ea 17	1
ea 21	1
ea 2c	1
ea 44	1
ea 77	1
ea 7d	1
ea 81	1
ea 83	1
ea 85	1
ea 92	1
ea 9b	1
ea b0	1
ea bf	1
ea dd	1
ea eb	1
ea f7	1
eb 00	1
eb 03	1
eb 07	1
eb 0b	1
eb 0e	1
eb 14	1
eb 15	1
eb 1e	1
eb 20	1
eb 22	1
eb 2c	1
eb 2e	1
eb 2f	1
eb 30	1
eb 37	1
eb 3f	1
eb 56	1
eb 57	1
eb 5f	1
eb 6c	1
eb 73	1
eb 7c	1
eb 89	1
eb 9c	1
eb be	1
eb c4	1
eb ca	1
eb cb	1
eb d7	1
eb db	1
eb de	1
ec 00	1
ec 04	1
ec 07	1
ec 08	1
ec 0c	1
ec 11	1
ec 19	1
ec 21	1
ec 27	1
ec 28	1
ec 2c	1
ec 40	1
ec 45	1
ec 48	1
ec 52	1
ec 58	1
ec 59	1
ec 60	1
ec 64	1
ec 7a	1
ec 80	1
ec 86	1
ec 91	1
ec 9c	1
ec a2	1
ec b0	1
ec b1	1
ec b6	1
ec c9	1
ec d3	1
ec d5	1
ec db	1
ec dd	1
ec e4	1
ec e9	1
ec fc	1
ec ff	1
ed 23	1
ed 37	1
ed 4a	1
ed 4c	1
ed 50	1
ed 52	1
ed 7c	1
ed 7e	1
ed 88	1
ed 8a	1
ed 92	1
ed a2	1
ed a6	1
ed b6	1
ed bb	1
ed e1	1
ed e5	1
ed ec	1
ed f6	1
ed fd	1
ee 0c	1
ee 0f	1
ee 47	1
ee 4c	1
ee 57	1
ee 60	1
ee 77	1
ee 7e	1
ee 87	1
ee 98	1
ee 9d	1
ee b7	1
ee c2	1
ee c3	1
ee e4	1
ee f8	1
ef 00	1
ef 01	1
ef 03	1
ef 07	1
ef 0c	1
ef 15	1
ef 1c	1
ef 35	1
ef 46	1
ef 58	1
ef 5c	1
ef 66	1
ef 70	1
ef 83	1
ef 88	1
ef 8b	1
ef 8c	1
ef a1	1
ef a2	1
ef ad	1
ef b6	1
ef c2	1
ef c6	1
ef d0	1
ef db	1
ef de	1
ef fa	1
ef fc	1
ef fe	1
f0 01	1
f0 02	1
f0 03	1
f0 08	1
f0 12	1
f0 17	1
f0 32	1
f0 3f	1
f0 42	1
f0 48	1
f0 4f	1
f0 51	1
f0 5d	1
f0 63	1
f0 82	1
f0 84	1
f0 8b	1
f0 8d	1
f0 97	1
f0 ba	1
f0 bf	1
f0 ca	1
f0 d4	1
f1 05	1
f1 12	1
f1 3f	1
f1 43	1
f1 49	1
f1 50	1
f1 5f	1
f1 83	1
f1 b5	1
f1 b7	1
f1 c8	1
f1 d4	1
f1 da	1
f1 e7	1
f2 0b	1
f2 17	1
f2 20	1
f2 47	1
f2 48	1
f2 5b	1
f2 6b	1
f2 75	1
f2 77	1
f2 89	1
f2 b3	1
f2 c1	1
f2 f0	1
f2 f4	1
f3 02	1
f3 0f	1
f3 15	1
f3 2e	1
f3 45	1
f3 5a	1
f3 6d	1
f3 aa	1
f3 ab	1
f3 b2	1
f3 d3	1
f3 e0	1
f4 00	1
f4 07	1
f4 09	1
f4 12	1
f4 14	1
f4 27	1
f4 2f	1
f4 31	1
f4 36	1
f4 3a	1
f4 3f	1
f4 45	1
f4 52	1
f4 5f	1
f4 61	1
f4 6e	1
f4 83	1
f4 8c	1
f4 9f	1
f4 b7	1
f4 d7	1
f5 47	1
f5 55	1
f5 62	1
f5 63	1
f5 6c	1
f5 b3	1
f5 c0	1
f5 d0	1
f5 d3	1
f5 ff	1
f6 06	1
f6 08	1
f6 11	1
f6 24	1
f6 26	1
f6 29	1
f6 31	1
f6 45	1
f6 50	1
f6 6c	1
f6 73	1
f6 74	1
f6 75	1
f6 80	1
f6 98	1
f6 b2	1
f6 b6	1
f6 b8	1
f6 c6	1
f6 c7	1
f6 d1	1
f6 d2	1
f6 ef	1
f6 f4	1
f6 f6	1
f6 f8	1
f6 ff	1
f7 0e	1
f7 10	1
f7 17	1
f7 2f	1
f7 38	1
f7 41	1
f7 44	1
f7 47	1
f7 50	1
f7 51	1
f7 5d	1
f7 60	1
f7 62	1
f7 6d	1
f7 76	1
f7 77	1
f7 7c	1
f7 7f	1
f7 a6	1
f7 b0	1
f7 b3	1
f7 c2	1
f7 c7	1
f7 cf	1
f7 d5	1
f7 d8	1
f7 db	1
f7 f1	1
f7 ff	1
f8 01	1
f8 03	1
f8 0e	1
f8 0f	1
f8 17	1
f8 1d	1
f8 1e	1
f8 28	1
f8 2f	1
f8 38	1
f8 3f	1
f8 4b	1
f8 60	1
f8 65	1
f8 67	1
f8 8f	1
f8 99	1
f8 b5	1
f8 d4	1
f8 ef	1
f8 f5	1
f9 02	1
f9 25	1
f9 2d	1
f9 52	1
f9 5f	1
f9 63	1
f9 bf	1
f9 c2	1
f9 d7	1
f9 ff	1
fa 04	1
fa 05	1
fa 09	1
fa 17	1
fa 25	1
fa 2d	1
fa 31	1
fa 44	1
fa 48	1
fa 65	1
fa 7c	1
fa 7f	1
fa 83	1
fa 87	1
fa 9d	1
fa c9	1
fa ef	1
fb 00	1
fb 16	1
fb 17	1
fb 21	1
fb 23	1
fb 3b	1
fb 3e	1
fb 5f	1
fb 61	1
fb 62	1
fb 6c	1
fb 7d	1
fb 80	1
fb 83	1
fb 9e	1
fb ad	1
fb b0	1
fb bb	1
fb d0	1
fb d2	1
fb dc	1
fb ee	1
fb fb	1
fc 01	1
fc 04	1
fc 10	1
fc 11	1
fc 40	1
fc 41	1
fc 56	1
fc 6a	1
fc 77	1
fc 89	1
fc 90	1
fc 97	1
fc a0	1
fc a7	1
fc d8	1
fc da	1
fd 07	1
fd 10	1
fd 1f	1
fd 39	1
fd 40	1
fd 51	1
fd 69	1
fd 6a	1
fd bb	1
fd c3	1
fd ce	1
fd db	1
fd e8	1
fd f6	1
fe 0f	1
fe 1b	1
fe 2a	1
fe 3f	1
fe 4c	1
fe 54	1
fe 55	1
fe 5f	1
fe 8e	1
fe b6	1
fe d4	1
fe df	1
fe e5	1
fe ef	1
fe f6	1
ff 07	1
ff 10	1
ff 14	1
ff 20	1
ff 21	1
ff 23	1
ff 2d	1
ff 31	1
ff 47	1
ff 48	1
ff 4b	1
ff 4e	1
ff 59	1
ff 66	1
ff 69	1
ff 6c	1
ff 73	1
ff 77	1
ff 78	1
ff 79	1
ff 7c	1
ff 81	1
ff 84	1
ff 8d	1
ff 8f	1
ff 90	1
ff 95	1
ff b4	1
ff bc	1
ff be	1
ff c0	1
ff c1	1
ff c7	1
ff c9	1
ff d5	1
ff d6	1
ff db	1
ff df	1
ff e5	1
ff e8	1
ff eb	1
ff ee	1
