00 00 00	96
00 00 73	13
00 00 74	12
00 00 52	10
03 00 00	9
00 64 02	8
00 83 02	8
74 03 00	7
00 28 00	6
00 84 00	6
28 00 00	6
00 64 03	5
06 00 00	5
61 79 65	5
74 07 00	5
7c 02 00	5
00 00 28	4
00 64 00	4
00 65 07	4
00 74 04	4
01 00 00	4
01 0c 01	4
08 00 00	4
61 63 6b	4
61 70 79	4
63 61 70	4
64 02 00	4
74 08 00	4
83 01 00	4
00 00 2f	3
00 00 4e	3
00 00 5f	3
00 2f 75	3
00 36 64	3
00 64 01	3
00 64 19	3
00 65 04	3
00 83 03	3
01 00 7c	3
01 07 01	3
02 00 00	3
04 00 00	3
05 00 00	3
09 00 00	3
0a 00 64	3
0e 00 00	3
0f 00 00	3
2d 70 61	3
2e 37 2f	3
2e 70 79	3
2f 6c 61	3
2f 6c 69	3
2f 70 79	3
2f 73 63	3
34 00 00	3
37 2f 73	3
4e 54 50	3
61 67 65	3
62 2f 70	3
63 6b 61	3
64 01 00	3
65 2d 70	3
65 6c 64	3
65 72 73	3
67 65 73	3
69 74 65	3
6c 69 62	3
6e 32 2e	3
6e 74 70	3
6f 6e 32	3
70 79 74	3
72 73 2f	3
73 2f 6e	3
73 2f 73	3
73 34 00	3
73 63 61	3
73 69 74	3
73 72 2f	3
74 04 00	3
74 05 00	3
74 06 00	3
74 68 6f	3
74 70 2e	3
75 73 72	3
79 2f 6c	3
79 65 72	3
79 74 68	3
00 00 01	2
00 00 03	2
00 00 06	2
00 00 63	2
00 00 64	2
00 00 69	2
00 00 6a	2
00 00 6d	2
00 00 72	2
00 00 76	2
00 00 7c	2
00 03 00	2
00 42 00	2
00 43 00	2
00 52 03	2
00 52 53	2
00 53 28	2
00 5a 01	2
00 5a 02	2
00 64 09	2
00 64 1e	2
00 64 1f	2
00 64 20	2
00 64 21	2
00 64 2a	2
00 65 00	2
00 6b 08	2
00 70 72	2
00 73 34	2
00 74 01	2
00 74 03	2
00 74 07	2
00 74 0b	2
00 7c 02	2
00 83 00	2
02 00 83	2
07 00 00	2
09 00 64	2
0a 00 00	2
0a 01 07	2
0b 00 00	2
0b 00 64	2
0c 00 64	2
1a 00 00	2
28 02 00	2
2f 6e 74	2
2f 73 69	2
2f 75 73	2
32 2e 37	2
40 00 00	2
43 00 00	2
52 02 00	2
52 05 00	2
52 0b 00	2
54 50 2e	2
63 00 00	2
63 03 00	2
64 03 00	2
64 06 00	2
64 07 00	2
65 73 2f	2
65 74 07	2
66 69 65	2
66 74 04	2
68 6f 6e	2
69 62 2f	2
69 65 6c	2
69 6d 65	2
69 6e 74	2
6a 04 00	2
6a 05 00	2
6b 61 67	2
6c 61 79	2
6c 64 73	2
6e 75 74	2
6f 64 75	2
6f 6e 74	2
70 2e 70	2
70 61 63	2
70 6f 72	2
70 79 2f	2
70 79 52	2
72 2f 6c	2
73 69 6f	2
73 74 72	2
73 79 6d	2
74 00 00	2
74 02 00	2
74 65 2d	2
74 69 6d	2
76 65 72	2
7c 00 00	2
7c 01 00	2
83 00 00	2
00 00 04	1
00 00 07	1
00 00 0a	1
00 00 13	1
00 00 25	1
00 00 31	1
00 00 42	1
00 00 43	1
00 00 49	1
00 00 50	1
00 00 55	1
00 00 61	1
00 00 70	1
00 01 12	1
00 02 00	1
00 14 00	1
00 17 53	1
00 17 83	1
00 24 00	1
00 2d 2d	1
00 36 83	1
00 3c 6d	1
00 46 69	1
00 4e 69	1
00 4e 73	1
00 52 02	1
00 52 05	1
00 52 0a	1
00 52 0f	1
00 52 17	1
00 52 18	1
00 53 7c	1
00 54 64	1
00 54 69	1
00 59 5a	1
00 5a 03	1
00 5a 04	1
00 5a 05	1
00 5a 09	1
00 5a 0a	1
00 62 72	1
00 63 6c	1
00 64 04	1
00 64 08	1
00 64 13	1
00 64 18	1
00 64 1a	1
00 64 1b	1
00 64 1c	1
00 64 1d	1
00 64 22	1
00 64 23	1
00 64 24	1
00 64 25	1
00 64 26	1
00 64 27	1
00 64 28	1
00 64 29	1
00 64 69	1
00 65 03	1
00 65 05	1
00 65 09	1
00 66 01	1
00 67 0d	1
00 69 04	1
00 69 20	1
00 69 64	1
00 6a 02	1
00 6a 03	1
00 6c 03	1
00 6d 6b	1
00 6e 6f	1
00 72 10	1
00 72 2e	1
00 72 65	1
00 73 06	1
00 73 10	1
00 73 1d	1
00 73 36	1
00 73 49	1
00 73 63	1
00 73 69	1
00 73 74	1
00 73 85	1
00 74 09	1
00 74 0c	1
00 74 79	1
00 7c 00	1
00 7c 01	1
01 00 53	1
01 00 64	1
01 00 6a	1
01 00 83	1
01 09 03	1
01 0a 01	1
01 0f 01	1
01 12 02	1
01 18 01	1
01 24 01	1
01 28 06	1
01 4e 28	1
01 64 00	1
02 00 36	1
02 00 53	1
02 00 6b	1
02 00 6e	1
02 00 74	1
02 00 7c	1
02 00 7d	1
02 02 01	1
02 0c 01	1
02 65 05	1
02 65 06	1
03 00 53	1
03 00 64	1
03 00 65	1
03 00 7d	1
03 f3 0d	1
04 00 64	1
04 00 65	1
04 00 6c	1
04 00 6d	1
04 01 12	1
04 01 63	1
04 06 02	1
05 00 01	1
05 00 5a	1
05 00 64	1
05 00 65	1
05 00 7c	1
05 74 03	1
06 00 36	1
06 02 06	1
06 02 0c	1
07 01 07	1
07 01 0a	1
08 00 64	1
09 00 36	1
09 00 69	1
09 00 83	1
09 08 09	1
0a 00 65	1
0a 01 0f	1
0a 01 10	1
0a 36 a5	1
0b 00 65	1
0b 00 83	1
0c 00 00	1
0c 01 0c	1
0c 01 22	1
0f 00 64	1
0f 01 0f	1
14 00 64	1
15 00 36	1
16 00 00	1
16 18 16	1
17 00 00	1
17 64 01	1
18 01 0c	1
18 83 01	1
1f 00 00	1
20 00 00	1
20 25 4e	1
20 28 4e	1
20 54 69	1
25 48 3a	1
25 4d 3a	1
25 53 20	1
25 59 20	1
25 62 20	1
25 64 20	1
28 01 00	1
28 03 00	1
28 04 00	1
28 06 00	1
28 09 00	1
28 2b 00	1
2a 28 01	1
2b 00 00	1
2b 30 30	1
2c 00 00	1
2e 0a 69	1
2e 31 74	1
2e 70 61	1
30 2e 30	1
30 30 28	1
32 00 7c	1
32 37 2e	1
32 6d 28	1
32 72 65	1
36 64 08	1
36 64 0e	1
36 64 12	1
36 83 04	1
37 00 00	1
3d 01 00	1
41 00 00	1
42 69 74	1
44 50 49	1
45 6e 75	1
49 4d 45	1
4e 69 10	1
4e 6f 6e	1
4f 00 00	1
50 46 69	1
50 6f 69	1
50 72 6f	1
52 0a 00	1
52 0e 00	1
52 10 00	1
52 16 00	1
52 19 00	1
53 28 02	1
53 28 0d	1
53 45 54	1
54 50 20	1
54 64 01	1
59 5a 08	1
5a 00 00	1
5a 01 00	1
5a 06 00	1
5f 42 41	1
5f 52 04	1
5f 5f 28	1
5f 5f 69	1
5f 5f 6d	1
5f 61 63	1
5f 64 65	1
5f 64 6f	1
5f 6e 61	1
5f 70 61	1
5f 74 0a	1
61 2c 20	1
61 6c 28	1
61 74 75	1
61 75 6c	1
61 79 74	1
62 69 6e	1
63 5f 5f	1
63 5f 62	1
63 61 73	1
63 69 03	1
63 6b 65	1
64 00 00	1
64 05 00	1
64 0d 00	1
64 10 00	1
64 11 00	1
64 16 00	1
64 17 00	1
64 52 03	1
64 5f 6c	1
64 65 66	1
64 65 6c	1
64 74 08	1
64 74 0a	1
65 07 00	1
65 25 28	1
65 63 69	1
65 69 01	1
65 73 65	1
65 74 03	1
65 74 06	1
65 74 08	1
65 74 0b	1
65 74 52	1
65 74 77	1
66 01 00	1
66 28 01	1
66 72 61	1
67 6d 69	1
67 6d 74	1
67 74 04	1
67 74 0a	1
68 6f 72	1
69 02 00	1
69 04 00	1
69 06 00	1
69 0a 00	1
69 10 00	1
69 28 03	1
69 32 68	1
69 65 6e	1
69 6e 65	1
69 6f 6e	1
69 74 46	1
69 74 73	1
69 76 61	1
6a 01 00	1
6a 08 00	1
6b 08 00	1
6c 01 00	1
6c 02 00	1
6c 65 3e	1
6c 65 5f	1
6c 65 61	1
6c 6f 6e	1
6d 46 69	1
6d 65 20	1
6d 65 52	1
6d 65 53	1
6d 65 5f	1
6d 69 08	1
6d 6d 61	1
6d 6f 64	1
6e 25 2c	1
6e 61 6d	1
6e 69 6e	1
6e 69 74	1
6e 6f 74	1
6e 74 05	1
6e 74 46	1
6e 79 32	1
6f 61 64	1
6f 64 65	1
6f 6c 29	1
6f 6c 6c	1
6f 72 69	1
6f 72 6b	1
70 46 69	1
70 65 74	1
70 69 00	1
70 6b 74	1
70 72 17	1
70 74 69	1
70 79 2e	1
72 2c 4e	1
72 36 00	1
72 65 63	1
72 6f 6c	1
72 73 28	1
72 73 2e	1
72 73 69	1
72 74 03	1
72 76 65	1
72 79 49	1
73 02 00	1
73 08 00	1
73 09 00	1
73 0c 00	1
73 0d 00	1
73 1b 00	1
73 1e 00	1
73 21 00	1
73 63 52	1
73 65 6c	1
73 65 6e	1
73 65 72	1
73 70 65	1
73 70 72	1
73 73 69	1
73 79 6e	1
74 01 00	1
74 09 00	1
74 0b 00	1
74 0d 00	1
74 11 00	1
74 28 00	1
74 28 0c	1
74 52 01	1
74 61 6d	1
74 63 01	1
74 65 69	1
74 69 05	1
74 69 76	1
74 69 7b	1
74 6d 69	1
74 6f 63	1
74 72 66	1
74 74 06	1
74 74 0c	1
76 25 69	1
76 65 74	1
76 74 04	1
77 61 72	1
78 65 64	1
79 2e 6c	1
79 52 16	1
79 52 1a	1
79 73 75	1
7a 65 69	1
80 7e aa	1
83 03 00	1
83 05 00	1
84 00 00	1
99 54 63	1
ff 4e 28	1
ff ff ff	1
