00 00 00	3968
89 c7 e8	212
00 22 00	191
48 89 c7	176
48 8b 45	149
ff ff 48	111
00 00 48	91
00 5f 5a	91
08 00 00	74
00 12 00	69
00 48 89	68
74 6f 72	68
ff ff ff	66
02 43 0d	64
0e 10 86	64
48 89 e5	64
5f 5a 4e	64
00 00 41	59
07 08 00	59
1c 00 00	59
00 1c 00	57
41 0e 10	56
55 48 89	56
86 02 43	56
00 41 0e	54
01 00 00	54
0c 07 08	54
10 86 02	54
43 0d 06	54
48 83 ec	53
6f 72 49	53
48 89 7d	51
ff 48 89	51
12 00 00	50
53 61 49	49
00 07 00	48
00 00 1c	46
65 63 74	45
8b 45 f8	45
45 f8 48	43
f8 48 89	43
89 d6 48	41
c3 55 48	41
89 e5 48	39
00 03 00	38
63 74 6f	37
49 69 45	36
5f 00 5f	36
48 8b 55	34
4e 53 74	34
7d f8 48	34
02 00 00	33
04 00 00	33
40 00 00	33
53 74 31	33
61 74 6f	33
6e 74 5f	33
ff ff be	33
37 49 6e	32
40 00 48	32
53 65 71	32
5a 4e 53	32
74 5f 53	32
74 65 72	32
90 60 00	32
f3 ff ff	32
00 48 8b	31
74 36 76	31
e5 48 83	31
00 1a 00	30
89 7d f8	30
03 00 00	29
48 8b 00	29
49 6e 74	29
5f 53 65	29
5f 63 78	29
fd ff ff	29
39 5f 5f	28
67 6e 75	28
91 60 00	28
fe ff ff	28
45 e8 48	27
5f 5f 67	27
61 49 69	27
69 53 61	27
76 65 63	27
45 45 45	26
45 76 00	26
48 89 75	26
53 74 36	26
5d 40 00	26
5f 62 61	26
63 78 78	26
76 00 5f	26
00 01 00	25
00 02 00	25
5a 53 74	25
6e 75 5f	25
48 8d 85	24
5d c3 55	24
69 45 45	24
69 74 65	24
c9 c3 55	24
f8 48 8b	24
00 c9 c3	23
10 48 89	23
36 76 65	23
48 89 55	23
49 69 53	23
53 31 5f	23
ff 48 8b	23
62 61 73	22
d6 48 89	22
e8 48 8b	22
ff 48 8d	22
49 42 43	21
5f 67 6e	21
61 73 65	21
75 5f 63	21
05 00 00	20
31 37 5f	20
40 47 4c	20
48 89 ce	20
5f 5f 6e	20
73 74 72	20
c2 48 8b	20
00 00 c9	19
00 00 e9	19
00 0e 00	19
14 40 00	19
48 89 45	19
48 89 d6	19
4e 39 5f	19
55 e8 48	19
5f 45 45	19
61 6c 5f	19
65 72 61	19
72 49 69	19
72 61 74	19
83 ec 10	19
89 c3 48	19
ff ff 25	19
31 32 5f	18
31 45 76	18
5f 6e 6f	18
6c 6c 6f	18
78 78 31	18
89 75 e0	18
89 75 f0	18
8b 45 d8	18
8b 45 e8	18
ce 48 89	18
6c 5f 69	17
6f 72 6d	17
72 5f 62	17
72 6d 61	17
73 65 49	17
7d e8 48	17
89 ce 48	17
f0 48 8b	17
00 00 24	16
20 48 89	16
45 c8 48	16
48 89 c3	16
72 49 50	16
90 55 48	16
00 00 01	15
00 00 e8	15
07 00 00	15
20 00 68	15
45 e0 48	15
49 37 49	15
53 32 5f	15
65 71 53	15
6c 6f 63	15
6f 72 5f	15
75 f0 48	15
78 31 37	15
89 c2 48	15
8d 85 c0	15
f0 48 89	15
00 00 eb	14
09 00 00	14
10 00 00	14
1a 00 00	14
20 00 00	14
33 2e 34	14
45 b8 48	14
45 d8 48	14
48 89 c2	14
53 30 5f	14
54 30 5f	14
58 58 5f	14
5f 69 74	14
74 31 32	14
89 7d e8	14
8d 60 00	14
c3 48 8b	14
d8 48 8b	14
e5 48 89	14
ff 48 83	14
11 00 00	13
30 5f 45	13
32 5f 56	13
37 5f 5f	13
45 f0 48	13
56 65 63	13
5a 4e 39	13
5f 56 65	13
5f 5a 53	13
63 61 74	13
63 6f 70	13
69 74 73	13
74 72 61	13
8b 45 f0	13
c3 90 55	13
e0 48 89	13
e8 48 89	13
ec 20 48	13
00 04 00	12
00 08 00	12
00 5f 5f	12
08 48 8b	12
0c 00 00	12
41 40 00	12
47 4c 49	12
48 8b 40	12
48 8d 45	12
52 4b 53	12
55 d8 48	12
5d c3 90	12
61 6c 6c	12
6d 61 6c	12
6e 6f 72	12
72 65 61	12
7d 20 00	12
85 c0 f3	12
88 48 8b	12
89 e5 53	12
8d 85 e0	12
be 90 14	12
de ff ff	12
f9 ff ff	12
00 00 10	11
00 20 00	11
00 25 00	11
00 48 8d	11
06 00 00	11
0e 00 00	11
45 45 43	11
48 8b 4d	11
49 4e 39	11
49 63 45	11
4c 49 42	11
5f 61 6c	11
5f 63 6f	11
61 49 53	11
69 6e 69	11
8b 45 b8	11
8b 45 c8	11
b8 00 00	11
d8 48 89	11
dd ff ff	11
ec 10 48	11
00 00 04	10
06 45 83	10
0d 00 00	10
0d 06 45	10
14 00 00	10
24 00 00	10
31 63 68	10
34 40 00	10
40 40 47	10
43 58 58	10
48 8d 55	10
49 50 37	10
50 37 49	10
53 40 00	10
55 40 00	10
5a 4e 4b	10
61 72 5f	10
69 53 74	10
89 de 48	10
8b 00 48	10
f2 0f 10	10
ff be 90	10
ff f2 0f	10
00 00 02	9
00 00 06	9
00 00 08	9
00 00 84	9
00 05 00	9
00 0a 00	9
00 2d 00	9
00 31 00	9
00 48 83	9
02 40 00	9
03 48 89	9
06 55 0c	9
0a 00 00	9
12 40 00	9
17 40 00	9
31 5f 45	9
45 45 31	9
45 88 48	9
45 c0 48	9
45 d0 48	9
48 83 c4	9
48 89 85	9
49 53 30	9
49 53 31	9
4b 40 00	9
4b 53 31	9
50 69 53	9
53 48 83	9
54 5f 53	9
59 40 00	9
5f 54 30	9
60 00 00	9
6e 65 77	9
6f 70 79	9
71 53 61	9
72 49 37	9
72 5f 74	9
78 31 33	9
85 e0 fd	9
8b 45 d0	9
a8 f3 ff	9
c3 48 8d	9
d0 48 89	9
da ff ff	9
e0 48 8b	9
ff ff 8b	9
ff ff f2	9
00 00 c7	8
00 06 00	8
00 11 00	8
00 84 c0	8
0b 00 00	8
0d 00 26	8
0d 06 49	8
0f 00 00	8
13 00 00	8
18 00 00	8
39 40 00	8
3e 40 00	8
43 31 45	8
45 50 69	8
49 4c 62	8
49 50 69	8
4b 69 53	8
50 08 48	8
54 40 00	8
54 5d 40	8
58 40 00	8
5f 33 2e	8
65 73 74	8
6d 6f 76	8
74 31 31	8
83 ec 20	8
89 d8 48	8
8b 45 a8	8
93 60 00	8
ec 30 48	8
ef ff ff	8
ff ff 01	8
00 00 2c	7
00 00 30	7
00 00 40	7
00 00 4c	7
00 00 8b	7
00 00 a0	7
00 00 ff	7
00 10 00	7
00 24 00	7
00 46 00	7
00 49 89	7
00 65 00	7
08 48 89	7
13 40 00	7
15 00 00	7
1b 00 00	7
2e 35 00	7
30 5f 00	7
31 33 5f	7
31 5f 00	7
32 2e 32	7
32 2e 35	7
34 00 5f	7
40 00 41	7
42 43 5f	7
43 32 45	7
45 52 4b	7
48 83 c0	7
48 89 d7	7
48 89 de	7
48 8b 85	7
4c 62 30	7
5a 40 00	7
5f 32 2e	7
5f 5f 63	7
61 73 69	7
63 5f 6f	7
69 73 74	7
6f 63 61	7
70 79 5f	7
72 61 69	7
72 6f 79	7
74 73 49	7
7d f0 48	7
83 c0 08	7
85 a8 f3	7
89 55 e8	7
89 d0 48	7
8b 55 d8	7
8b 55 e8	7
b8 48 8b	7
be 00 00	7
c0 f3 ff	7
c8 48 89	7
d0 48 8d	7
d0 48 c1	7
e1 ff ff	7
f2 ff ff	7
f5 ff ff	7
00 00 03	6
00 00 18	6
00 00 20	6
00 00 34	6
00 00 44	6
00 00 50	6
00 00 7c	6
00 00 89	6
00 00 98	6
00 00 9c	6
00 00 be	6
00 29 00	6
00 58 00	6
00 eb 05	6
06 49 0c	6
0d 06 55	6
10 85 a8	6
15 40 00	6
30 5f 54	6
31 31 5f	6
31 33 6e	6
32 45 76	6
41 54 53	6
45 43 32	6
45 50 4b	6
45 54 30	6
45 76 40	6
45 b0 48	6
48 89 d0	6
48 8b 95	6
48 8d 95	6
4d 40 00	6
4e 37 49	6
4e 40 00	6
53 34 5f	6
53 74 32	6
53 74 34	6
54 31 5f	6
57 40 00	6
5b 5d c3	6
5f 53 32	6
5f 54 5f	6
5f 6f 66	6
60 00 e8	6
63 45 45	6
64 5f 61	6
65 49 69	6
65 61 6d	6
65 77 5f	6
6c 69 7a	6
6d 00 5f	6
6d 49 63	6
74 00 5f	6
74 69 61	6
7c 20 00	6
85 f0 fd	6
88 48 89	6
89 e5 41	6
8b 45 c0	6
8b 55 f0	6
90 14 40	6
be 54 5d	6
c4 28 5b	6
c4 48 8b	6
cc cc cc	6
e3 ff ff	6
e5 53 48	6
f0 ff ff	6
f4 ff ff	6
f8 5d c3	6
f8 ff ff	6
ff 0e 00	6
ff 1a 00	6
ff be 52	6
00 00 0a	5
00 00 14	5
00 00 38	5
00 00 6c	5
00 00 7a	5
00 00 80	5
00 00 83	5
00 00 c0	5
00 00 dc	5
00 00 f8	5
00 21 00	5
00 40 00	5
00 c7 45	5
00 ff ff	5
02 48 01	5
03 83 04	5
06 47 8c	5
07 08 1c	5
08 48 8d	5
0d 00 22	5
0f 10 85	5
17 00 00	5
28 48 89	5
29 c2 48	5
2e 34 00	5
30 5f 5f	5
31 34 62	5
31 45 52	5
32 45 52	5
33 6e 65	5
34 5f 5f	5
38 40 00	5
3d 40 00	5
40 08 48	5
42 40 00	5
42 43 58	5
45 31 32	5
45 31 33	5
45 45 39	5
45 83 03	5
45 f8 5d	5
46 40 00	5
47 8c 03	5
48 3b 45	5
48 89 c6	5
48 89 d8	5
48 8d 50	5
48 c1 e0	5
48 c1 f8	5
49 0c 07	5
49 50 4b	5
49 54 5f	5
4c 0c 07	5
4c 40 00	5
4d e0 48	5
4e 4b 53	5
4e 53 61	5
53 33 5f	5
53 36 5f	5
53 39 5f	5
53 41 5f	5
53 74 38	5
54 53 48	5
56 40 00	5
58 5f 33	5
5f 40 00	5
5f 53 33	5
5f 53 34	5
5f 53 61	5
5f 69 6e	5
5f 73 74	5
5f 75 6e	5
60 40 00	5
61 63 6b	5
61 6c 69	5
61 74 65	5
63 78 61	5
64 5f 63	5
65 45 76	5
65 64 5f	5
65 6e 64	5
65 6e 74	5
65 71 45	5
65 72 5f	5
66 73 74	5
69 00 5f	5
69 63 5f	5
6e 69 74	5
6f 76 65	5
70 79 49	5
72 61 6d	5
73 69 63	5
74 72 6f	5
76 54 5f	5
77 5f 61	5
79 70 65	5
83 03 02	5
83 04 02	5
83 fc 01	5
89 d7 e8	5
89 e2 48	5
8b 48 08	5
8b 55 e0	5
8d 45 b0	5
8d 85 f0	5
a8 48 89	5
bc 00 00	5
bc 01 00	5
c0 48 89	5
c1 e0 02	5
c1 f8 02	5
c4 18 5b	5
c9 c3 90	5
ce ff ff	5
d3 ff ff	5
d8 48 98	5
de 48 89	5
e4 ff ff	5
e8 48 8d	5
f1 ff ff	5
f2 0f 11	5
f8 48 c7	5
ff ff 0e	5
ff ff 14	5
ff ff 4c	5
ff ff c9	5
ff ff e4	5
00 00 05	4
00 00 09	4
00 00 0c	4
00 00 26	4
00 00 28	4
00 00 3c	4
00 00 46	4
00 00 54	4
00 00 58	4
00 00 59	4
00 00 60	4
00 00 7e	4
00 00 94	4
00 00 a6	4
00 00 b0	4
00 00 b8	4
00 00 d8	4
00 00 ee	4
00 00 f0	4
00 00 f4	4
00 00 fc	4
00 14 00	4
00 3c 00	4
00 3d 00	4
00 3e 00	4
00 9a 00	4
00 d8 8d	4
02 00 02	4
06 68 0c	4
07 90 41	4
0c 40 00	4
0d 00 0c	4
0d 00 80	4
0d 00 ae	4
0d 00 b6	4
0d 00 d2	4
0d 00 e4	4
0d 06 6c	4
0f 2e 85	4
0f af c2	4
10 48 8b	4
10 fe ff	4
14 85 00	4
16 40 00	4
18 48 89	4
19 00 00	4
1d 00 00	4
20 5b 41	4
25 00 00	4
2d 00 00	4
2e 32 2e	4
31 45 45	4
31 5f 53	4
32 32 5f	4
34 62 61	4
3c 40 00	4
40 10 48	4
40 40 00	4
41 5c 41	4
41 bc 00	4
43 5f 32	4
44 00 00	4
44 65 73	4
45 00 5f	4
45 44 31	4
45 44 32	4
45 45 4e	4
45 45 54	4
45 4e 53	4
45 52 53	4
45 54 31	4
45 f0 c9	4
47 40 00	4
48 01 d0	4
48 29 c2	4
48 89 10	4
49 63 53	4
4c 89 e2	4
4f 40 00	4
50 4b 63	4
50 4b 69	4
51 40 00	4
54 5f 45	4
54 5f 54	4
55 0c 07	4
55 e0 48	4
58 ff ff	4
5b 41 5c	4
5c 5d c3	4
5f 44 65	4
5f 45 31	4
5f 45 54	4
5f 4d 5f	4
5f 5f 61	4
5f 63 61	4
5f 65 6e	4
5f 6d 6f	4
5f 73 69	4
5f 74 72	4
5f 74 79	4
60 0c 07	4
60 ff ff	4
61 69 74	4
61 72 74	4
63 68 61	4
64 0c 07	4
65 45 6d	4
65 49 37	4
65 5f 62	4
69 64 65	4
69 6e 73	4
69 6e 74	4
6c 65 00	4
6c 65 6e	4
6d 70 6c	4
6e 69 6e	4
6f 6e 65	4
70 65 45	4
70 65 6e	4
70 65 72	4
71 53 74	4
72 49 53	4
72 5f 69	4
72 65 67	4
73 49 63	4
73 69 7a	4
74 08 41	4
74 31 33	4
74 5f 61	4
74 61 72	4
74 68 72	4
75 63 74	4
75 6e 69	4
76 65 5f	4
77 61 72	4
79 49 4e	4
79 5f 61	4
79 5f 6d	4
7a 65 45	4
7d 40 00	4
7e 40 00	4
84 85 c0	4
84 c0 74	4
85 10 fe	4
85 20 ff	4
89 45 e0	4
89 45 e8	4
89 50 08	4
89 50 10	4
89 75 d0	4
89 7d d8	4
89 85 a8	4
8b 10 48	4
8b 4d f0	4
8d 45 c0	4
8d 45 f0	4
8d 85 10	4
92 60 00	4
95 60 00	4
bf 20 93	4
c0 84 c0	4
c0 f5 ff	4
c1 48 8b	4
c2 48 89	4
c2 48 b8	4
c7 45 d8	4
c7 e8 6e	4
c8 48 8b	4
cc cc 48	4
cd cc cc	4
d2 ff ff	4
d8 48 01	4
db 84 c0	4
db ff ff	4
dc ff ff	4
df ff ff	4
e2 48 89	4
e2 ff ff	4
eb 03 48	4
eb 1a 48	4
eb ff ff	4
ec 18 48	4
f0 fd ff	4
f1 ff 00	4
f8 48 8d	4
fa ff ff	4
ff 00 00	4
ff 31 00	4
ff ff 00	4
ff ff 0f	4
ff ff 1a	4
ff ff 29	4
ff ff 41	4
ff ff 58	4
ff ff 84	4
ff ff 89	4
00 00 0e	3
00 00 0f	3
00 00 16	3
00 00 1a	3
00 00 1b	3
00 00 2b	3
00 00 32	3
00 00 36	3
00 00 45	3
00 00 49	3
00 00 4e	3
00 00 52	3
00 00 56	3
00 00 68	3
00 00 70	3
00 00 74	3
00 00 8c	3
00 00 90	3
00 00 96	3
00 00 9e	3
00 00 cc	3
00 00 ea	3
00 00 f2	3
00 15 00	3
00 26 00	3
00 2e 67	3
00 30 00	3
00 34 00	3
00 48 00	3
00 4c 89	3
00 55 48	3
00 74 17	3
00 83 45	3
00 8b 00	3
00 be 00	3
00 f0 5f	3
00 f2 0f	3
01 78 10	3
01 d0 48	3
02 00 03	3
02 67 0c	3
03 7c 0c	3
04 48 8b	3
04 83 05	3
06 45 0c	3
06 4c 0c	3
06 60 0c	3
06 6c 0c	3
07 08 90	3
0d 00 0a	3
0d 00 10	3
0d 00 16	3
0d 00 20	3
0d 00 2a	3
0d 00 36	3
0d 00 40	3
0d 00 42	3
0d 00 50	3
0d 00 68	3
0d 00 82	3
0d 00 86	3
0d 00 88	3
0d 00 a2	3
0d 00 b4	3
0d 00 ce	3
0d 00 d6	3
0d 00 d8	3
0d 00 e0	3
0d 00 ee	3
0d 06 02	3
0d 06 60	3
0d 06 68	3
0d 40 00	3
0f 11 85	3
10 48 39	3
10 ff ff	3
13 00 d8	3
15 00 f0	3
16 00 00	3
18 5b 5d	3
19 00 88	3
1e 00 00	3
22 00 00	3
2c 00 00	3
2e 36 00	3
2e 73 6f	3
30 45 50	3
30 ff ff	3
31 00 00	3
31 30 5f	3
31 33 69	3
31 34 5f	3
32 49 4c	3
32 5f 53	3
33 00 5f	3
33 69 74	3
35 00 5f	3
35 63 6c	3
37 40 00	3
37 5f 53	3
38 ff ff	3
39 5f 4d	3
3a 40 00	3
3b 45 d8	3
3f 40 00	3
40 00 e8	3
41 42 49	3
41 5c 5d	3
44 31 45	3
44 32 45	3
45 37 64	3
45 38 6d	3
45 43 31	3
45 45 34	3
45 45 44	3
45 4c 62	3
45 50 53	3
45 a8 48	3
46 00 00	3
48 08 48	3
48 39 c3	3
48 83 45	3
48 83 7d	3
48 89 50	3
48 89 c1	3
48 89 df	3
48 8b 48	3
48 c1 e2	3
48 c7 00	3
49 53 61	3
49 74 65	3
4b 53 32	3
4b 54 5f	3
4d 43 6c	3
4d f0 48	3
4f 0c 07	3
50 40 00	3
53 35 5f	3
53 6f 6c	3
54 61 62	3
55 41 54	3
55 c0 48	3
55 d8 c6	3
55 f0 48	3
5e 00 00	3
5e c1 f2	3
5f 31 2e	3
5f 53 31	3
5f 5f 64	3
5f 61 49	3
5f 64 65	3
5f 65 72	3
5f 67 65	3
5f 69 6d	3
5f 6c 69	3
5f 72 61	3
61 6d 73	3
61 6e 64	3
61 75 78	3
61 78 5f	3
62 30 45	3
62 61 63	3
62 63 5f	3
63 53 74	3
63 5f 74	3
63 65 6e	3
63 6f 6e	3
65 00 00	3
65 45 53	3
65 49 54	3
65 5f 61	3
65 61 6c	3
65 67 69	3
65 71 00	3
65 71 31	3
65 72 54	3
66 0f 2e	3
66 69 6c	3
67 69 6e	3
67 74 68	3
68 ff ff	3
69 3a 00	3
69 45 43	3
69 53 30	3
69 61 6c	3
69 6c 65	3
69 6d 70	3
69 74 00	3
69 74 69	3
69 7a 65	3
6c 69 62	3
6d 61 78	3
6e 3a 00	3
6e 67 65	3
6e 67 72	3
6f 63 5f	3
6f 6c 73	3
6f 72 45	3
6f 72 79	3
6f 73 74	3
6f 79 49	3
70 5f 61	3
70 6c 43	3
72 61 6e	3
72 69 6e	3
72 72 61	3
73 63 69	3
73 65 45	3
73 74 64	3
74 07 b8	3
74 5f 54	3
75 61 6c	3
75 d0 48	3
78 31 34	3
79 49 50	3
7a 65 64	3
7d d8 ff	3
7d e0 48	3
80 48 89	3
83 7d f0	3
83 c4 18	3
83 ec 18	3
85 50 fe	3
85 70 ff	3
89 45 f8	3
89 7d f0	3
89 c4 48	3
8b 45 88	3
8b 45 a0	3
8b 4d e8	3
8b 85 28	3
8b 85 50	3
8d 00 00	3
8d 03 8c	3
8d a8 f3	3
8f 60 00	3
b0 48 89	3
b0 ff ff	3
b8 48 89	3
be 52 5d	3
c0 48 8d	3
c0 f9 ff	3
c4 38 5b	3
c7 e8 32	3
c7 e8 76	3
c7 e8 9d	3
c7 e8 ab	3
c7 e8 ae	3
c7 e8 bd	3
cf ff ff	3
d0 fd ff	3
d1 ff ff	3
d4 ff ff	3
d6 ff ff	3
d7 ff d0	3
d8 00 00	3
d8 01 81	3
d9 ff ff	3
e0 48 8d	3
e0 ff ff	3
e8 48 29	3
ea ff ff	3
ec 38 48	3
ee ff ff	3
f0 5d c3	3
f2 0f 2a	3
f7 ff ff	3
f8 02 48	3
fb ff ff	3
ff 25 00	3
ff 2d 00	3
ff 46 00	3
ff 48 85	3
ff 49 89	3
ff 4c 89	3
ff 83 45	3
ff 8b 55	3
ff bb 00	3
ff be 50	3
ff c7 45	3
ff c9 c3	3
ff ff 04	3
ff ff 31	3
ff ff 34	3
ff ff 44	3
ff ff 54	3
ff ff 5c	3
ff ff 66	3
ff ff 94	3
ff ff b4	3
ff ff ba	3
ff ff bb	3
ff ff e9	3
ff ff f4	3
00 00 07	2
00 00 0b	2
00 00 11	2
00 00 19	2
00 00 1d	2
00 00 1e	2
00 00 22	2
00 00 2a	2
00 00 2f	2
00 00 31	2
00 00 33	2
00 00 42	2
00 00 47	2
00 00 4a	2
00 00 5d	2
00 00 5e	2
00 00 66	2
00 00 78	2
00 00 97	2
00 00 ac	2
00 00 ae	2
00 00 ba	2
00 00 bc	2
00 00 c6	2
00 00 d0	2
00 00 d4	2
00 00 de	2
00 00 e4	2
00 00 ec	2
00 00 f6	2
00 11 02	2
00 1c 60	2
00 1d 00	2
00 2e 64	2
00 32 00	2
00 37 00	2
00 38 00	2
00 38 02	2
00 41 bc	2
00 42 00	2
00 44 00	2
00 48 39	2
00 48 85	2
00 54 02	2
00 5e 00	2
00 60 00	2
00 66 63	2
00 66 72	2
00 68 de	2
00 6d 65	2
00 71 00	2
00 77 00	2
00 7a 00	2
00 7e e3	2
00 82 00	2
00 8e 00	2
00 9c de	2
00 bb 00	2
00 be 20	2
00 bf 00	2
00 bf 10	2
00 c9 00	2
00 d8 02	2
00 de 03	2
00 eb 14	2
00 f8 8d	2
01 0c 07	2
01 1b 0c	2
02 00 04	2
02 75 0c	2
03 00 02	2
05 c3 2e	2
06 57 0c	2
06 5d 0c	2
07 f2 48	2
09 c2 f2	2
0b 00 08	2
0b 48 8b	2
0d 00 06	2
0d 00 14	2
0d 00 18	2
0d 00 28	2
0d 00 30	2
0d 00 3c	2
0d 00 46	2
0d 00 54	2
0d 00 60	2
0d 00 6c	2
0d 00 70	2
0d 00 8c	2
0d 00 94	2
0d 00 96	2
0d 00 9c	2
0d 00 a8	2
0d 00 aa	2
0d 00 ac	2
0d 00 b8	2
0d 00 ba	2
0d 00 bc	2
0d 00 be	2
0d 00 c0	2
0d 00 c2	2
0d 00 f2	2
0d 00 f6	2
0d 00 fa	2
0d 06 50	2
0d 06 61	2
0d 06 64	2
0d 06 6f	2
0e 00 24	2
0f 00 40	2
0f 10 0d	2
0f 1f 84	2
0f 2a c0	2
0f 5e c8	2
0f 92 c0	2
0f b6 00	2
0f b6 c0	2
10 0c 00	2
11 00 1a	2
12 48 8b	2
14 00 e8	2
14 8b 45	2
16 00 f8	2
18 40 00	2
19 40 00	2
1a 00 20	2
1a 00 a0	2
1c 60 00	2
1f 00 00	2
20 74 6f	2
20 ff ff	2
28 00 00	2
2a fe ff	2
2c 09 00	2
2d 90 91	2
2e 38 2e	2
30 45 45	2
30 48 89	2
30 48 8b	2
30 5f 53	2
30 fe ff	2
31 2e 33	2
31 31 63	2
31 33 62	2
31 38 75	2
31 39 5f	2
31 5f 54	2
32 30 5f	2
32 5f 00	2
32 5f 50	2
32 5f 52	2
33 5f 53	2
33 5f 5f	2
34 19 00	2
34 49 6e	2
35 63 5f	2
35 65 71	2
37 5f 00	2
37 69 73	2
38 5f 44	2
38 5f 5f	2
38 69 6f	2
39 c3 0f	2
3a 00 64	2
3a 00 72	2
3b 45 e8	2
3c 0f 00	2
3c 12 00	2
40 00 bf	2
40 08 00	2
40 08 4c	2
41 55 41	2
42 49 5f	2
43 40 00	2
44 5f 5f	2
44 ff ff	2
45 33 65	2
45 34 6f	2
45 38 61	2
45 40 40	2
45 45 37	2
45 45 38	2
45 45 53	2
45 45 62	2
45 45 69	2
45 45 70	2
45 53 37	2
45 76 52	2
45 76 54	2
45 d8 01	2
45 d8 eb	2
45 f8 8b	2
45 ff 01	2
47 43 43	2
48 0f 2a	2
48 29 c3	2
48 39 c2	2
48 5d 40	2
48 83 6d	2
48 89 da	2
48 8b 18	2
48 8d 14	2
48 98 8b	2
48 98 c7	2
48 c7 40	2
48 f7 d8	2
49 53 32	2
49 54 31	2
49 54 4d	2
49 6e 69	2
49 6f 73	2
49 89 c4	2
4a 40 00	2
4b 39 5f	2
4b 53 30	2
4b 53 73	2
4c 62 31	2
4c 89 e6	2
4c ff ff	2
4d 5f 61	2
4d 5f 64	2
4e 53 6f	2
4e 69 74	2
50 20 5d	2
50 4b 76	2
50 53 30	2
50 69 45	2
50 69 52	2
50 69 69	2
51 09 00	2
52 40 00	2
52 4b 54	2
52 53 61	2
52 53 74	2
52 5d 40	2
53 37 5f	2
53 38 5f	2
53 42 5f	2
53 5f 00	2
53 5f 31	2
53 62 49	2
53 74 6c	2
55 84 89	2
55 d0 48	2
55 f8 48	2
58 00 00	2
58 0d 40	2
58 58 41	2
58 c0 f2	2
5a 4e 37	2
5a 54 56	2
5b 40 00	2
5c 40 00	2
5d 41 5e	2
5d 5d c3	2
5e 40 00	2
5f 31 37	2
5f 45 00	2
5f 45 4e	2
5f 45 53	2
5f 45 76	2
5f 4d 69	2
5f 4f 70	2
5f 50 4b	2
5f 52 4b	2
5f 52 53	2
5f 52 65	2
5f 53 39	2
5f 53 5f	2
5f 5f 73	2
5f 5f 75	2
5f 61 63	2
5f 61 75	2
5f 62 65	2
5f 63 6e	2
5f 66 69	2
5f 6d 69	2
5f 6e 67	2
5f 6f 70	2
5f 70 74	2
5f 74 68	2
60 00 48	2
61 49 37	2
61 49 54	2
61 53 45	2
61 5f 61	2
61 62 6c	2
61 64 5f	2
61 67 45	2
61 6d 49	2
61 6e 67	2
61 72 64	2
61 72 72	2
61 74 61	2
61 74 63	2
61 74 69	2
61 79 5f	2
62 00 2e	2
62 31 45	2
62 79 74	2
63 45 44	2
63 52 4b	2
63 65 70	2
63 65 73	2
63 6b 77	2
63 6f 6d	2
63 6f 75	2
63 72 65	2
63 73 75	2
63 74 5f	2
64 13 00	2
64 45 50	2
64 61 74	2
64 69 66	2
64 69 73	2
64 6f 6d	2
65 00 2e	2
65 00 5f	2
65 40 00	2
65 5f 64	2
65 5f 69	2
65 5f 6f	2
65 6e 45	2
65 6e 63	2
65 6e 6d	2
65 71 37	2
65 71 43	2
65 71 44	2
65 71 75	2
65 72 63	2
65 72 74	2
66 65 72	2
66 69 6e	2
66 72 61	2
67 63 63	2
67 69 73	2
67 72 61	2
68 0e 00	2
68 61 72	2
68 72 65	2
69 49 50	2
69 62 75	2
69 6f 6e	2
69 6f 73	2
69 74 43	2
69 74 5f	2
6b 0c 07	2
6b 77 61	2
6c 0c 07	2
6c 49 63	2
6c 6f 73	2
6c 73 45	2
6c 74 00	2
6d 49 54	2
6d 61 69	2
6d 65 5f	2
6d 65 6d	2
6d 65 6e	2
6d 73 5f	2
6e 63 65	2
6e 64 45	2
6e 65 49	2
6e 67 20	2
6e 69 00	2
6e 75 2e	2
6e 75 6d	2
6e 77 6d	2
6f 00 00	2
6f 64 65	2
6f 6d 70	2
6f 6e 5f	2
6f 73 65	2
6f 77 5f	2
70 72 69	2
70 ff ff	2
71 45 43	2
71 45 44	2
71 53 30	2
72 6f 72	2
72 6f 77	2
72 72 6f	2
73 00 00	2
73 00 5f	2
73 2e 00	2
73 43 31	2
73 45 69	2
73 5f 61	2
73 5f 62	2
73 5f 69	2
73 65 34	2
73 65 72	2
73 65 74	2
73 6f 2e	2
73 73 5f	2
73 74 65	2
74 05 e8	2
74 31 30	2
74 31 48	2
74 32 30	2
74 32 36	2
74 38 5f	2
74 44 31	2
74 45 76	2
74 5f 63	2
74 63 68	2
74 65 67	2
74 65 78	2
74 69 6f	2
74 72 65	2
74 79 70	2
75 07 b8	2
75 74 66	2
75 78 00	2
75 78 49	2
75 c0 48	2
75 f0 5d	2
76 40 40	2
76 61 6c	2
78 0c 07	2
78 45 4e	2
78 78 6d	2
79 00 2e	2
79 0c 07	2
79 74 65	2
7a 52 00	2
7c 0b 00	2
80 fd ff	2
80 fe ff	2
81 7d d8	2
83 03 72	2
83 03 7c	2
83 7d 88	2
83 c4 38	2
83 ec 38	2
84 00 00	2
84 db 90	2
84 e4 84	2
85 00 00	2
85 18 ff	2
85 58 ff	2
85 60 ff	2
85 78 ff	2
85 a0 fe	2
85 b0 f3	2
85 c0 78	2
85 d0 fd	2
88 04 00	2
89 45 c0	2
89 4d e0	2
89 50 20	2
89 55 c8	2
89 75 e4	2
89 c6 48	2
89 da 48	2
89 e9 4c	2
8a de ff	2
8b 00 83	2
8b 08 48	2
8b 18 48	2
8b 40 08	2
8b 45 e0	2
8b 55 d0	2
8b 55 dc	2
8b 58 08	2
8b 75 f0	2
8b 84 85	2
8b 85 58	2
8b 85 60	2
8b 85 68	2
8b 85 b0	2
8b 8d 78	2
8b 95 78	2
8d 14 85	2
8d 45 80	2
8d 45 90	2
8d 45 d0	2
8d 50 28	2
95 10 fe	2
95 44 ff	2
98 48 8b	2
9a 00 00	2
9b 2f 00	2
a0 48 89	2
a0 5f 40	2
a8 48 8b	2
af ff ff	2
b2 e2 ff	2
b4 03 00	2
b7 ff ff	2
b8 f2 0f	2
b8 ff ff	2
bc 07 00	2
bd 2c ff	2
bd bc f3	2
bf 00 92	2
bf 28 00	2
c0 01 89	2
c0 48 8b	2
c0 dd ff	2
c0 f2 0f	2
c0 fd ff	2
c1 e0 03	2
c2 48 8d	2
c2 f2 0f	2
c5 48 8b	2
c7 45 88	2
c7 84 85	2
c7 e8 08	2
c7 e8 0a	2
c7 e8 0f	2
c7 e8 11	2
c7 e8 2d	2
c7 e8 2e	2
c7 e8 48	2
c7 e8 4d	2
c7 e8 52	2
c7 e8 57	2
c7 e8 75	2
c7 e8 79	2
c7 e8 7a	2
c7 e8 82	2
c7 e8 90	2
c7 e8 93	2
c7 e8 b7	2
c7 e8 b8	2
c7 e8 d9	2
c7 e8 de	2
c7 e8 e0	2
c7 e8 ef	2
c7 e8 f1	2
c7 e8 f6	2
c7 e8 fa	2
c7 e8 fe	2
c8 48 01	2
d0 ff ff	2
d1 e5 ff	2
d1 ea 83	2
d8 48 8d	2
d8 8d 00	2
d8 c6 45	2
d8 ff ff	2
d9 48 89	2
db 90 48	2
dc 01 00	2
df 2e 00	2
e0 01 48	2
e0 02 48	2
e0 03 48	2
e0 fd ff	2
e0 fe ff	2
e1 5d 40	2
e5 ff ff	2
e6 ff ff	2
e8 00 00	2
e8 07 40	2
e8 48 83	2
e8 d0 06	2
eb 15 48	2
ec ff ff	2
ed ff ff	2
f0 0f 92	2
f0 48 8d	2
f0 8d 60	2
f6 ff ff	2
f8 00 74	2
f8 8d 60	2
fc 0c 00	2
ff 01 0c	2
ff 01 48	2
ff 15 00	2
ff 26 00	2
ff 29 00	2
ff 34 00	2
ff 3c 00	2
ff 6f 02	2
ff 72 0f	2
ff 89 45	2
ff 89 85	2
ff 89 de	2
ff be 00	2
ff be 54	2
ff bf 20	2
ff eb 1a	2
ff ff 1c	2
ff ff 24	2
ff ff 30	2
ff ff 3c	2
ff ff 3e	2
ff ff 64	2
ff ff 65	2
ff ff 6c	2
ff ff 6f	2
ff ff 7a	2
ff ff 7c	2
ff ff a4	2
ff ff bc	2
ff ff c4	2
ff ff cc	2
ff ff d4	2
ff ff dc	2
ff ff eb	2
00 00 0d	1
00 00 12	1
00 00 13	1
00 00 15	1
00 00 17	1
00 00 1f	1
00 00 21	1
00 00 23	1
00 00 25	1
00 00 27	1
00 00 29	1
00 00 2d	1
00 00 2e	1
00 00 35	1
00 00 37	1
00 00 3a	1
00 00 3d	1
00 00 3f	1
00 00 4b	1
00 00 4f	1
00 00 55	1
00 00 5c	1
00 00 5f	1
00 00 61	1
00 00 64	1
00 00 69	1
00 00 6a	1
00 00 6e	1
00 00 72	1
00 00 75	1
00 00 76	1
00 00 79	1
00 00 7f	1
00 00 81	1
00 00 85	1
00 00 86	1
00 00 88	1
00 00 8a	1
00 00 92	1
00 00 93	1
00 00 9a	1
00 00 a4	1
00 00 a7	1
00 00 a8	1
00 00 af	1
00 00 b2	1
00 00 b4	1
00 00 b6	1
00 00 b7	1
00 00 b9	1
00 00 c4	1
00 00 c8	1
00 00 ca	1
00 00 cf	1
00 00 d1	1
00 00 d5	1
00 00 d6	1
00 00 e0	1
00 00 e3	1
00 00 e6	1
00 00 f1	1
00 00 f3	1
00 00 f5	1
00 00 fa	1
00 00 fd	1
00 00 fe	1
00 01 1b	1
00 01 f3	1
00 02 d3	1
00 04 02	1
00 04 09	1
00 04 0e	1
00 04 50	1
00 04 74	1
00 04 7a	1
00 04 8c	1
00 04 b1	1
00 04 bc	1
00 04 d3	1
00 04 d8	1
00 04 fd	1
00 06 15	1
00 06 31	1
00 08 12	1
00 09 00	1
00 0b 00	1
00 0c 01	1
00 0c 02	1
00 0c 13	1
00 0c 16	1
00 0c d5	1
00 0c f4	1
00 0d 00	1
00 0f 85	1
00 10 01	1
00 10 93	1
00 12 f7	1
00 13 dc	1
00 14 02	1
00 14 b2	1
00 14 fa	1
00 16 14	1
00 16 de	1
00 17 00	1
00 18 00	1
00 18 f9	1
00 1b 00	1
00 1c 03	1
00 1c 12	1
00 1f f5	1
00 20 13	1
00 20 15	1
00 20 d9	1
00 22 b0	1
00 22 d3	1
00 22 f6	1
00 23 00	1
00 24 5d	1
00 24 ce	1
00 24 e3	1
00 24 f8	1
00 26 13	1
00 27 01	1
00 28 02	1
00 2a d8	1
00 2a e7	1
00 2b 00	1
00 2c 00	1
00 2c 14	1
00 2c 17	1
00 2c b7	1
00 2e 62	1
00 2e 65	1
00 2e 6e	1
00 2e 72	1
00 2e 73	1
00 2f 6c	1
00 30 da	1
00 34 cf	1
00 36 b0	1
00 37 49	1
00 38 b8	1
00 38 db	1
00 39 02	1
00 39 c3	1
00 3a 00	1
00 3c 0a	1
00 3c 0d	1
00 3c 10	1
00 3d 05	1
00 3f 00	1
00 42 b0	1
00 42 d6	1
00 43 00	1
00 43 d4	1
00 44 05	1
00 44 0b	1
00 44 0e	1
00 44 69	1
00 46 14	1
00 47 4c	1
00 47 4e	1
00 48 01	1
00 48 29	1
00 48 3b	1
00 48 c1	1
00 48 c7	1
00 48 d1	1
00 48 ec	1
00 49 ba	1
00 4a da	1
00 4b 05	1
00 4c 00	1
00 4c 06	1
00 4c 09	1
00 4c 0c	1
00 4c 15	1
00 4c d3	1
00 4c f3	1
00 4d 65	1
00 4e 00	1
00 50 e5	1
00 51 05	1
00 54 00	1
00 54 01	1
00 54 03	1
00 54 16	1
00 54 eb	1
00 55 00	1
00 56 13	1
00 59 05	1
00 59 40	1
00 59 de	1
00 5b 00	1
00 5b 41	1
00 5c 02	1
00 5c 11	1
00 5d c3	1
00 5f 47	1
00 5f 49	1
00 5f 4a	1
00 5f 65	1
00 60 17	1
00 60 40	1
00 61 74	1
00 63 72	1
00 64 00	1
00 64 12	1
00 64 65	1
00 64 69	1
00 64 db	1
00 64 ee	1
00 64 fa	1
00 65 f4	1
00 66 12	1
00 66 6f	1
00 66 70	1
00 66 73	1
00 66 74	1
00 66 77	1
00 68 00	1
00 68 03	1
00 68 05	1
00 68 06	1
00 68 09	1
00 68 0c	1
00 68 0f	1
00 68 12	1
00 68 15	1
00 68 18	1
00 68 1b	1
00 68 1e	1
00 68 21	1
00 68 24	1
00 68 27	1
00 68 2a	1
00 68 2d	1
00 68 dc	1
00 69 00	1
00 69 04	1
00 69 73	1
00 6a 25	1
00 6a b7	1
00 6b 00	1
00 6c 00	1
00 6c 13	1
00 6e 67	1
00 6e 75	1
00 70 f5	1
00 71 01	1
00 72 65	1
00 73 00	1
00 73 74	1
00 74 1a	1
00 74 1e	1
00 74 29	1
00 74 dd	1
00 75 11	1
00 75 19	1
00 75 1a	1
00 75 24	1
00 75 3f	1
00 76 14	1
00 77 e0	1
00 78 00	1
00 78 d4	1
00 78 de	1
00 78 f9	1
00 7a e6	1
00 7c 0c	1
00 7c 0f	1
00 7c de	1
00 7d 0a	1
00 7e 1e	1
00 7e de	1
00 7e f6	1
00 7f d7	1
00 80 7f	1
00 80 da	1
00 83 c0	1
00 84 00	1
00 84 db	1
00 86 01	1
00 86 06	1
00 86 13	1
00 88 01	1
00 88 45	1
00 88 91	1
00 88 d3	1
00 88 e2	1
00 89 c6	1
00 8a d6	1
00 8b 18	1
00 8b 85	1
00 8c 0b	1
00 8c 14	1
00 8c 91	1
00 8e b6	1
00 90 14	1
00 90 60	1
00 90 da	1
00 90 ef	1
00 92 60	1
00 93 17	1
00 94 03	1
00 94 04	1
00 94 0c	1
00 94 cf	1
00 95 1a	1
00 95 dd	1
00 96 12	1
00 97 00	1
00 98 02	1
00 98 9a	1
00 9a e1	1
00 9a ed	1
00 9b f4	1
00 9c 04	1
00 9c 07	1
00 9c 0a	1
00 9c 0d	1
00 9c 10	1
00 9e dd	1
00 9e de	1
00 a0 13	1
00 a0 91	1
00 a0 fb	1
00 a2 df	1
00 a3 19	1
00 a4 05	1
00 a4 08	1
00 a4 17	1
00 a4 db	1
00 a4 dd	1
00 a4 f1	1
00 a6 14	1
00 a8 dd	1
00 aa 01	1
00 ac 09	1
00 ac 15	1
00 ae 1a	1
00 ae dd	1
00 b0 01	1
00 b2 f3	1
00 b4 01	1
00 b4 03	1
00 b4 06	1
00 b4 d1	1
00 b5 f7	1
00 b6 00	1
00 b6 13	1
00 b6 19	1
00 b6 d0	1
00 b6 d8	1
00 b7 07	1
00 b8 0d	1
00 b8 65	1
00 b8 f2	1
00 ba dd	1
00 ba f8	1
00 ba f9	1
00 bc 07	1
00 bc 11	1
00 bd dd	1
00 be 01	1
00 bf 20	1
00 bf 88	1
00 c0 15	1
00 c0 d9	1
00 c2 d2	1
00 c3 1a	1
00 c4 02	1
00 c4 12	1
00 c5 01	1
00 c6 12	1
00 c8 b7	1
00 c8 ea	1
00 c9 81	1
00 cc 13	1
00 cc 19	1
00 cc ce	1
00 cc dd	1
00 cd d0	1
00 ce da	1
00 ce f0	1
00 d0 14	1
00 d2 1a	1
00 d2 eb	1
00 d4 02	1
00 d4 0e	1
00 d4 df	1
00 d6 14	1
00 d6 dd	1
00 d7 01	1
00 d8 92	1
00 d9 02	1
00 da 07	1
00 da 17	1
00 da de	1
00 db 18	1
00 dc 0c	1
00 dc 0f	1
00 de 00	1
00 de d6	1
00 de e1	1
00 e0 dc	1
00 e2 cb	1
00 e4 0a	1
00 e4 ce	1
00 e4 dd	1
00 e5 02	1
00 e6 13	1
00 e6 dc	1
00 e8 04	1
00 e8 0c	1
00 e8 8d	1
00 e8 e8	1
00 e8 f0	1
00 e9 10	1
00 e9 20	1
00 e9 30	1
00 e9 40	1
00 e9 48	1
00 e9 50	1
00 e9 60	1
00 e9 61	1
00 e9 70	1
00 e9 80	1
00 e9 90	1
00 e9 a0	1
00 e9 aa	1
00 e9 ac	1
00 e9 b0	1
00 e9 c0	1
00 e9 d0	1
00 e9 da	1
00 e9 e0	1
00 e9 f0	1
00 eb 04	1
00 eb 0b	1
00 eb 22	1
00 eb 2f	1
00 eb 3e	1
00 eb 5f	1
00 eb 63	1
00 eb 7c	1
00 ec 05	1
00 ec 0b	1
00 ec 14	1
00 f0 02	1
00 f0 dd	1
00 f0 de	1
00 f0 ee	1
00 f2 17	1
00 f4 03	1
00 f4 06	1
00 f4 09	1
00 f4 d9	1
00 f6 12	1
00 f6 d1	1
00 f6 ff	1
00 f8 00	1
00 f8 8f	1
00 f8 d1	1
00 f9 02	1
00 fa ec	1
00 fc 04	1
00 fc 07	1
00 fc 0d	1
00 fc 10	1
00 fc e0	1
00 fd b1	1
00 fe ff	1
00 ff 03	1
00 ff 25	1
01 00 01	1
01 00 38	1
01 00 c1	1
01 01 00	1
01 07 10	1
01 0c 31	1
01 0c 35	1
01 15 23	1
01 17 00	1
01 1b a0	1
01 27 05	1
01 45 90	1
01 45 94	1
01 45 9c	1
01 48 09	1
01 48 39	1
01 48 89	1
01 48 8b	1
01 48 8d	1
01 48 98	1
01 6f 00	1
01 7a 50	1
01 81 7d	1
01 8b 45	1
01 99 04	1
01 d0 5d	1
01 d1 05	1
01 e2 ff	1
01 e7 03	1
01 eb 0d	1
01 eb 2e	1
01 f0 4c	1
02 00 54	1
02 0c 07	1
02 1c 00	1
02 43 0c	1
02 45 0e	1
02 47 0c	1
02 48 89	1
02 48 8b	1
02 49 8d	1
02 4a 0c	1
02 4c 0c	1
02 56 0c	1
02 5b 0c	1
02 6d 0c	1
02 84 0c	1
02 b0 0c	1
02 bf 0c	1
02 cf ff	1
02 df 2e	1
02 f4 ff	1
03 00 03	1
03 00 04	1
03 00 74	1
03 02 00	1
03 02 5b	1
03 02 78	1
03 03 1d	1
03 03 67	1
03 0b 00	1
03 10 00	1
03 19 01	1
03 1b 0c	1
03 3b 98	1
03 48 03	1
03 48 83	1
03 72 0c	1
03 78 0c	1
03 79 0c	1
03 87 2f	1
03 8c 04	1
03 8d 04	1
03 b9 01	1
03 c9 17	1
03 d9 02	1
04 00 01	1
04 00 02	1
04 00 03	1
04 00 7d	1
04 00 98	1
04 0b 00	1
04 0e 00	1
04 13 00	1
04 15 00	1
04 18 00	1
04 18 7f	1
04 1d 00	1
04 6a 7e	1
04 74 7f	1
04 9c 7e	1
04 9d 7d	1
04 b5 ff	1
04 e4 7e	1
04 f0 7e	1
04 ff ff	1
05 00 d8	1
05 02 00	1
05 05 00	1
05 16 00	1
05 44 00	1
05 45 d8	1
05 48 0e	1
05 67 01	1
05 6c 01	1
05 75 00	1
05 8b 2e	1
05 9b 2e	1
05 9d 2d	1
05 a5 7d	1
05 af 2e	1
05 af 2f	1
05 b8 ff	1
05 ef 2d	1
06 00 e8	1
06 01 00	1
06 02 60	1
06 02 73	1
06 02 95	1
06 03 29	1
06 04 00	1
06 13 40	1
06 49 8d	1
06 4b 8e	1
06 56 0c	1
06 5b 0c	1
06 5e 40	1
06 5f 0c	1
06 61 0c	1
06 6f 0c	1
06 72 0c	1
06 73 0c	1
06 79 0c	1
06 7a 0c	1
06 b7 ff	1
06 d2 ff	1
06 f9 ff	1
07 00 7c	1
07 03 d0	1
07 08 24	1
07 10 00	1
07 20 00	1
07 23 00	1
07 40 00	1
07 42 00	1
07 85 c0	1
07 c7 45	1
08 00 e8	1
08 1c 00	1
08 36 05	1
08 38 05	1
08 3c 05	1
08 3d 05	1
08 48 83	1
08 4e 05	1
08 5b 5d	1
08 e0 ff	1
08 eb 17	1
08 eb 22	1
09 00 58	1
09 02 00	1
09 05 b4	1
09 b7 0a	1
09 c7 45	1
09 d0 5d	1
0a 00 b8	1
0a 03 00	1
0a 59 00	1
0a d2 08	1
0a df ff	1
0a e1 ff	1
0a e6 ff	1
0b 09 00	1
0b 15 00	1
0b 2f 00	1
0b 77 08	1
0c 00 30	1
0c 02 48	1
0c 04 00	1
0c 04 48	1
0c 06 00	1
0c 0c 00	1
0c 11 00	1
0c 15 00	1
0c 22 00	1
0c 27 00	1
0c 48 8b	1
0c 95 00	1
0d 00 02	1
0d 00 04	1
0d 00 07	1
0d 00 12	1
0d 00 24	1
0d 00 2c	1
0d 00 2e	1
0d 00 2f	1
0d 00 32	1
0d 00 34	1
0d 00 3b	1
0d 00 3e	1
0d 00 44	1
0d 00 4a	1
0d 00 53	1
0d 00 56	1
0d 00 58	1
0d 00 5f	1
0d 00 62	1
0d 00 63	1
0d 00 64	1
0d 00 65	1
0d 00 66	1
0d 00 6a	1
0d 00 71	1
0d 00 72	1
0d 00 74	1
0d 00 75	1
0d 00 79	1
0d 00 7a	1
0d 00 7c	1
0d 00 7d	1
0d 00 7e	1
0d 00 81	1
0d 00 84	1
0d 00 8f	1
0d 00 93	1
0d 00 95	1
0d 00 98	1
0d 00 9a	1
0d 00 9d	1
0d 00 a4	1
0d 00 a6	1
0d 00 b0	1
0d 00 b7	1
0d 00 c3	1
0d 00 c5	1
0d 00 c8	1
0d 00 cb	1
0d 00 d0	1
0d 00 d1	1
0d 00 d4	1
0d 00 d9	1
0d 00 da	1
0d 00 dc	1
0d 00 e5	1
0d 00 e6	1
0d 00 e8	1
0d 00 ea	1
0d 00 f0	1
0d 00 f1	1
0d 00 fe	1
0d 06 41	1
0d 06 4c	1
0d 06 4d	1
0d 06 57	1
0d 06 58	1
0d 06 5c	1
0d 06 5d	1
0d 06 6d	1
0d 06 72	1
0d 06 78	1
0d 06 7f	1
0d 2a 00	1
0d 78 3c	1
0d 83 7d	1
0d 84 3c	1
0e 02 00	1
0e 08 00	1
0e 0b 00	1
0e 10 42	1
0e 10 8f	1
0e 13 00	1
0e 18 42	1
0e 20 42	1
0e 28 42	1
0e 28 8c	1
0e 30 41	1
0e 33 05	1
0e 38 41	1
0e 40 6c	1
0e 48 8b	1
0e bc ff	1
0f 00 10	1
0f 00 48	1
0f 00 d0	1
0f 00 e0	1
0f 10 45	1
0f 10 8d	1
0f 1f 00	1
0f 1f 40	1
0f 28 c1	1
0f 2a 4d	1
0f 2a 8d	1
0f 2a c2	1
0f 59 c1	1
0f 5c c8	1
0f 5e c1	1
0f 85 14	1
0f 85 5f	1
0f 85 b7	1
0f 85 cc	1
0f 8e 49	1
0f 93 c0	1
0f 94 c0	1
0f 95 c0	1
0f 9d c0	1
0f 9f c0	1
0f f9 ff	1
10 00 1c	1
10 01 00	1
10 05 00	1
10 31 20	1
10 45 a0	1
10 45 c0	1
10 46 0e	1
10 49 dd	1
10 85 10	1
10 85 68	1
10 89 7d	1
10 c7 45	1
10 d3 ff	1
10 e9 21	1
10 ee ff	1
11 00 70	1
11 00 b8	1
11 05 00	1
11 09 00	1
11 27 05	1
11 45 b0	1
11 85 18	1
12 00 74	1
12 01 00	1
12 7d 20	1
13 00 e8	1
13 29 00	1
13 2f 00	1
14 01 00	1
14 04 00	1
14 07 00	1
14 08 00	1
14 0a 00	1
14 0f 00	1
14 1b 00	1
14 48 8d	1
14 55 bf	1
14 98 0c	1
14 d3 ff	1
14 ed ff	1
15 28 00	1
15 48 89	1
16 10 00	1
16 15 40	1
16 ef ff	1
16 f6 ff	1
17 00 f8	1
17 19 00	1
17 26 00	1
18 01 00	1
18 48 8b	1
18 48 8d	1
18 4a 0f	1
18 8e 03	1
18 be 50	1
18 da ff	1
18 ff ff	1
19 00 8c	1
19 00 90	1
19 0a 00	1
19 12 00	1
19 48 8b	1
19 49 89	1
19 e5 ff	1
1a 00 10	1
1a 00 18	1
1a 00 28	1
1a 00 8c	1
1a 04 00	1
1a 3b 2a	1
1a 40 00	1
1a 48 8b	1
1a e2 ff	1
1a f4 ff	1
1b 08 00	1
1b 0c 00	1
1b 13 00	1
1b e4 ff	1
1b eb 19	1
1b ef ff	1
1c 08 00	1
1c 0a 00	1
1c 0d 00	1
1c 0e 00	1
1c 11 00	1
1c 14 00	1
1c 16 00	1
1c 21 fd	1
1c 24 48	1
1c 2a d7	1
1c 40 00	1
1d 1a 00	1
1d 48 8b	1
1d ca 0e	1
1d e5 ff	1
1e 09 00	1
1e 48 89	1
1e 8b 45	1
1e e7 ff	1
1e ec ff	1
1f 00 1c	1
1f 00 55	1
1f 0c 00	1
1f 48 8b	1
1f 80 00	1
1f 8b 45	1
20 00 70	1
20 06 00	1
20 15 00	1
20 15 40	1
20 2f 00	1
20 48 61	1
20 5e 40	1
20 61 6c	1
20 63 6f	1
20 64 69	1
20 68 6f	1
20 6c 65	1
20 6e 6f	1
20 6f 70	1
20 8d 50	1
20 93 60	1
20 a4 05	1
20 c9 c3	1
20 fd ff	1
21 00 1a	1
21 01 10	1
21 0e 00	1
21 95 02	1
21 f0 ff	1
22 27 00	1
22 48 83	1
22 48 8b	1
22 bd ff	1
23 2d 00	1
24 08 00	1
24 16 00	1
24 5d 40	1
24 dd ff	1
25 08 00	1
25 0a 7d	1
25 22 7d	1
25 2b 00	1
25 3a 7d	1
25 48 8b	1
25 52 7d	1
25 6a 7d	1
25 7a 7c	1
25 82 7d	1
25 92 7c	1
25 9a 7d	1
25 aa 7c	1
25 b2 7d	1
25 b5 ff	1
25 be 68	1
25 c2 7c	1
25 ca 7d	1
25 da 7c	1
25 f2 7c	1
25 f2 ff	1
26 00 00	1
26 14 40	1
26 79 0b	1
26 f9 ff	1
27 08 00	1
27 09 00	1
27 18 00	1
27 1b 00	1
28 00 76	1
28 02 00	1
28 11 00	1
28 48 8b	1
28 f4 ff	1
28 fa ff	1
28 ff ff	1
29 00 00	1
29 1c 00	1
29 20 34	1
29 21 00	1
29 2c 00	1
29 3a 00	1
29 87 e1	1
29 c3 48	1
2a 00 00	1
2a 05 00	1
2a 24 00	1
2a 4d d4	1
2a 7d 20	1
2a 83 2e	1
2a 85 28	1
2a 8d 4c	1
2a c0 eb	1
2a c0 f2	1
2a df 2e	1
2a e9 ff	1
2b 00 00	1
2b 26 00	1
2b 2a 00	1
2b 45 dc	1
2b fe ff	1
2c 06 00	1
2c 07 00	1
2c 08 00	1
2c 0b 00	1
2c 13 00	1
2c 14 00	1
2c 16 00	1
2c 20 6e	1
2c 20 73	1
2c 73 6c	1
2c f1 ff	1
2c fe ff	1
2c ff ff	1
2d 00 fa	1
2d 0e 00	1
2d 1d 00	1
2d 69 64	1
2e 00 00	1
2e 00 98	1
2e 00 ba	1
2e 00 d7	1
2e 0e 00	1
2e 30 00	1
2e 33 00	1
2e 36 33	1
2e 41 42	1
2e 45 b8	1
2e 62 73	1
2e 62 75	1
2e 63 00	1
2e 63 70	1
2e 64 61	1
2e 64 79	1
2e 66 69	1
2e 67 6e	1
2e 67 6f	1
2e 69 6e	1
2e 6e 67	1
2e 6e 6f	1
2e 72 6f	1
2e 73 79	1
2e 74 65	1
2e f1 ff	1
2e fc ff	1
2f 05 00	1
2f 14 00	1
2f 15 00	1
30 00 47	1
30 0e 00	1
30 12 40	1
30 31 34	1
30 39 31	1
30 45 4c	1
30 45 4e	1
30 45 53	1
30 5f 49	1
30 5f 4d	1
30 5f 69	1
30 5f 6d	1
30 86 06	1
31 00 5f	1
31 04 00	1
31 05 44	1
31 20 00	1
31 20 28	1
31 28 00	1
31 30 64	1
31 31 37	1
31 33 63	1
31 35 64	1
31 45 53	1
31 5f 4e	1
31 5f 52	1
31 5f 5f	1
31 67 65	1
32 00 00	1
32 00 04	1
32 29 00	1
32 33 5f	1
32 36 72	1
32 45 6d	1
32 5f 4d	1
32 5f 54	1
32 5f 5f	1
32 67 65	1
32 ce ff	1
33 00 00	1
33 20 32	1
33 24 22	1
33 2d 37	1
33 34 5f	1
33 38 00	1
33 5f 00	1
33 5f 49	1
33 62 61	1
33 69 6e	1
34 00 00	1
34 02 00	1
34 25 00	1
34 2f 6c	1
34 63 6f	1
34 73 69	1
34 76 65	1
35 00 43	1
35 01 2b	1
35 07 00	1
35 18 00	1
35 1f 00	1
35 20 00	1
35 30 00	1
35 40 00	1
35 5f 00	1
35 5f 4d	1
35 62 65	1
35 69 74	1
35 70 72	1
36 13 40	1
36 34 2e	1
36 5f 00	1
36 5f 40	1
36 5f 53	1
36 61 70	1
36 69 6e	1
36 72 61	1
36 da ff	1
37 00 00	1
37 03 00	1
37 0b 00	1
37 5f 52	1
37 64 65	1
37 69 74	1
38 00 00	1
38 00 09	1
38 02 00	1
38 02 40	1
38 09 00	1
38 36 2d	1
38 48 89	1
38 5b 5d	1
38 75 6e	1
38 f2 8b	1
38 f8 ff	1
39 02 00	1
39 5f 00	1
39 5f 53	1
39 70 75	1
39 c2 0f	1
39 e3 ff	1
3a 00 6e	1
3a 05 75	1
3a 20 28	1
3a 5f 4d	1
3a b0 ff	1
3a cf ff	1
3a da ff	1
3a e3 ff	1
3b 00 66	1
3b 07 00	1
3b 1b 00	1
3b 40 00	1
3b 45 e4	1
3b 85 40	1
3b df 2e	1
3c 00 00	1
3c 1c 00	1
3c bf 20	1
3c d5 ff	1
3c df 2e	1
3c df ff	1
3d 00 52	1
3d 05 00	1
3d 0c 00	1
3d 13 00	1
3d 2f 00	1
3e 00 00	1
3e 00 01	1
3e 2c 00	1
3e 7d 20	1
3e be c7	1
3f 00 00	1
3f 0f 00	1
3f 17 00	1
3f 48 01	1
40 00 b8	1
40 06 00	1
40 10 00	1
40 20 5d	1
40 40 43	1
40 43 58	1
40 47 43	1
40 48 89	1
40 5d 40	1
40 b0 ff	1
40 f1 ff	1
40 fe ff	1
40 ff ff	1
41 00 00	1
41 00 55	1
41 09 00	1
41 0c 07	1
41 4c 5f	1
41 4d 45	1
41 4d 49	1
41 56 49	1
41 5d 5d	1
41 5f 00	1
41 5f c3	1
41 89 ff	1
41 bc 01	1
41 ca ff	1
42 00 00	1
42 0c 00	1
42 2f 00	1
42 41 4c	1
42 4c 45	1
42 5e 40	1
42 5f 00	1
42 5f 53	1
42 7d 20	1
42 de ff	1
43 00 00	1
43 00 64	1
43 01 00	1
43 0c 07	1
43 52 5f	1
43 5f 00	1
43 5f 33	1
43 5f 45	1
43 6c 61	1
43 6c 6f	1
43 79 49	1
44 10 00	1
44 17 00	1
44 30 45	1
44 59 4e	1
44 c2 ff	1
44 ce ff	1
44 d9 ff	1
44 f6 ff	1
45 00 59	1
45 00 6d	1
45 0c 07	1
45 0e 20	1
45 2e 00	1
45 31 30	1
45 31 35	1
45 31 37	1
45 34 62	1
45 35 62	1
45 38 63	1
45 39 63	1
45 45 32	1
45 45 33	1
45 45 35	1
45 45 50	1
45 45 52	1
45 50 46	1
45 50 54	1
45 53 32	1
45 53 33	1
45 53 35	1
45 53 39	1
45 53 42	1
45 62 50	1
45 62 52	1
45 62 54	1
45 64 00	1
45 64 40	1
45 64 64	1
45 64 65	1
45 69 00	1
45 69 53	1
45 6c 45	1
45 6d 50	1
45 70 4c	1
45 70 70	1
45 72 72	1
45 81 7d	1
45 88 01	1
45 88 02	1
45 88 ba	1
45 94 00	1
45 a0 00	1
45 a0 48	1
45 a0 f2	1
45 a8 76	1
45 b0 66	1
45 be 05	1
45 c0 b8	1
45 c0 be	1
45 cc 00	1
45 d0 3b	1
45 d4 00	1
45 d4 01	1
45 d5 4c	1
45 d8 28	1
45 d8 3b	1
45 d8 4c	1
45 d8 88	1
45 dc 7c	1
45 e8 00	1
45 e8 04	1
45 e8 73	1
45 e8 77	1
45 e8 eb	1
45 e8 ff	1
45 ec 01	1
45 f0 8b	1
45 f3 89	1
45 f4 00	1
45 f4 48	1
45 f4 8b	1
45 f8 01	1
45 f8 89	1
45 f8 c9	1
45 f8 eb	1
45 fc 01	1
45 ff 00	1
46 01 00	1
46 02 01	1
46 12 40	1
46 b0 ff	1
46 d7 ff	1
46 eb 04	1
47 4c 4f	1
47 4e 55	1
47 e4 ff	1
47 f1 ff	1
48 00 00	1
48 01 c2	1
48 01 c8	1
48 01 d8	1
48 05 00	1
48 0c 00	1
48 0e 38	1
48 0f af	1
48 28 48	1
48 2f 00	1
48 48 89	1
48 81 c4	1
48 83 bd	1
48 83 c3	1
48 85 c0	1
48 85 db	1
48 89 0a	1
48 89 9d	1
48 89 d1	1
48 8b 05	1
48 8b 08	1
48 8b 10	1
48 8b 30	1
48 8b 50	1
48 8d 48	1
48 98 48	1
48 b8 00	1
48 c1 ea	1
48 c1 fd	1
48 c7 45	1
48 c7 c1	1
48 e1 ff	1
48 f0 ff	1
49 01 00	1
49 10 00	1
49 2d 74	1
49 4f 5f	1
49 53 74	1
49 5f 31	1
49 5f 6f	1
49 89 c5	1
49 f2 ff	1
4a 07 00	1
4a 43 52	1
4b 00 00	1
4b 2c 00	1
4b 4e 53	1
4b 53 33	1
4b 53 74	1
4b 63 00	1
4b 63 40	1
4b 69 00	1
4b e7 ff	1
4b f9 ff	1
4c 09 00	1
4c 0e 00	1
4c 14 00	1
4c 38 5f	1
4c 49 53	1
4c 4f 42	1
4c 52 00	1
4c 89 e1	1
4c 89 e3	1
4c 89 e8	1
4c 8b 20	1
4c 8b 60	1
4c 8d 25	1
4c 8d a5	1
4c da ff	1
4c f5 ff	1
4c fa ff	1
4d 5f 67	1
4d 5f 72	1
4d 69 74	1
4d a0 48	1
4d a8 48	1
4d b0 48	1
4d d4 f2	1
4d e8 48	1
4d f0 ba	1
4d f8 48	1
4d fd ff	1
4e 23 00	1
4e 31 30	1
4e 44 5f	1
4e 4b 39	1
4e 53 5f	1
4e 53 73	1
4e 55 00	1
4f 15 00	1
4f 2b 00	1
4f 46 46	1
4f 70 65	1
50 00 65	1
50 04 00	1
50 04 48	1
50 08 c9	1
50 08 eb	1
50 0c 07	1
50 1e 00	1
50 20 48	1
50 28 48	1
50 46 52	1
50 48 89	1
50 54 49	1
50 54 5f	1
50 5d 40	1
50 5e 40	1
50 68 69	1
50 69 00	1
50 69 6d	1
50 76 00	1
50 76 40	1
50 d8 ff	1
50 dc ff	1
50 e1 ff	1
50 f3 ff	1
50 fc 48	1
50 fd ff	1
50 ff ff	1
51 04 00	1
51 0b 00	1
51 22 00	1
51 2f 00	1
51 83 bd	1
51 e5 74	1
52 00 6b	1
52 0c 07	1
52 4b 4e	1
52 53 31	1
52 53 6f	1
52 65 64	1
53 0c 00	1
53 0e 00	1
53 14 00	1
53 45 54	1
53 48 81	1
53 4c 29	1
53 5f 45	1
53 5f 73	1
53 6f 53	1
53 73 36	1
53 73 44	1
53 74 33	1
53 74 37	1
53 74 39	1
54 00 00	1
54 00 01	1
54 02 00	1
54 02 40	1
54 07 00	1
54 0c 00	1
54 0c 07	1
54 13 00	1
54 1a 00	1
54 4d 5f	1
54 5f 40	1
54 5f 50	1
54 5f 52	1
54 5f 5f	1
54 70 5f	1
55 00 66	1
55 49 89	1
55 6e 61	1
55 6e 77	1
55 94 89	1
55 98 89	1
55 a0 89	1
55 c8 48	1
55 c8 4c	1
55 dc 89	1
55 e4 89	1
55 f4 89	1
56 14 40	1
56 4e 31	1
56 5d 40	1
56 d3 ff	1
56 db ff	1
56 de ff	1
57 00 00	1
57 01 00	1
57 0a 00	1
57 0c 07	1
57 1b 00	1
58 08 48	1
58 0c 07	1
58 14 00	1
58 41 42	1
58 d4 ff	1
59 09 00	1
59 1a 00	1
59 1d 00	1
59 f0 ff	1
5a 19 00	1
5a 31 30	1
5a 34 31	1
5a 4c 31	1
5a 54 49	1
5a 54 53	1
5a 64 6c	1
5a 6e 77	1
5a 7d 20	1
5a e7 ff	1
5a ed ff	1
5b 0c 07	1
5c 06 00	1
5c 07 00	1
5c 0a 00	1
5c 0d 00	1
5c 10 00	1
5c 41 5d	1
5c 7f 40	1
5c b8 ff	1
5c de ff	1
5d 00 00	1
5d 01 00	1
5d 0c 07	1
5d 16 00	1
5d 27 00	1
5d 29 00	1
5d 48 89	1
5d c3 ba	1
5d c6 05	1
5d e9 7b	1
5e 0c 00	1
5e c8 66	1
5e f7 ff	1
5f 00 66	1
5f 00 6f	1
5f 1f 00	1
5f 20 00	1
5f 24 00	1
5f 28 00	1
5f 30 69	1
5f 43 6f	1
5f 45 40	1
5f 45 62	1
5f 46 52	1
5f 49 54	1
5f 49 74	1
5f 4a 76	1
5f 4e 69	1
5f 50 69	1
5f 52 54	1
5f 53 30	1
5f 53 35	1
5f 53 36	1
5f 53 38	1
5f 53 41	1
5f 53 42	1
5f 53 43	1
5f 53 74	1
5f 54 41	1
5f 54 4d	1
5f 55 6e	1
5f 5a 31	1
5f 5a 39	1
5f 5a 54	1
5f 5a 64	1
5f 5f 00	1
5f 5f 4a	1
5f 5f 66	1
5f 5f 6d	1
5f 5f 70	1
5f 61 32	1
5f 61 64	1
5f 61 6e	1
5f 61 72	1
5f 61 74	1
5f 62 79	1
5f 63 68	1
5f 63 6c	1
5f 63 72	1
5f 64 6f	1
5f 64 73	1
5f 65 64	1
5f 65 71	1
5f 65 78	1
5f 67 6c	1
5f 67 74	1
5f 69 66	1
5f 69 6f	1
5f 6b 65	1
5f 6c 65	1
5f 6e 69	1
5f 6f 73	1
5f 6f 75	1
5f 70 65	1
5f 72 65	1
5f 73 2e	1
5f 73 65	1
5f 74 61	1
5f 74 6d	1
5f 76 30	1
5f f3 ff	1
60 00 ff	1
60 e4 ff	1
60 ec ff	1
61 00 2e	1
61 00 76	1
61 0d 00	1
61 2e 70	1
61 32 49	1
61 5f 73	1
61 62 69	1
61 63 63	1
61 63 74	1
61 64 76	1
61 67 00	1
61 69 6e	1
61 6e 63	1
61 70 61	1
61 70 70	1
61 72 65	1
61 72 69	1
61 73 63	1
61 73 73	1
61 78 49	1
62 03 00	1
62 05 00	1
62 08 00	1
62 0c 00	1
62 0e 00	1
62 49 69	1
62 52 4b	1
62 65 67	1
62 65 72	1
62 69 76	1
62 6c 65	1
62 73 73	1
62 ec ff	1
63 00 5f	1
63 01 00	1
63 2b 2b	1
63 40 40	1
63 45 00	1
63 45 40	1
63 45 43	1
63 54 5f	1
63 5f 73	1
63 63 65	1
63 68 65	1
63 69 74	1
63 6b 5f	1
63 6c 61	1
63 6c 6f	1
63 6d 70	1
63 74 45	1
63 74 69	1
63 76 00	1
63 76 40	1
63 d0 48	1
64 00 5d	1
64 00 5f	1
64 00 61	1
64 05 00	1
64 06 00	1
64 0a 00	1
64 0e 00	1
64 15 00	1
64 20 6e	1
64 20 72	1
64 2d 6c	1
64 40 40	1
64 49 50	1
64 5f 52	1
64 5f 6d	1
64 65 45	1
64 65 53	1
64 65 5f	1
64 65 61	1
64 65 72	1
64 65 73	1
64 6c 50	1
64 72 65	1
64 74 6f	1
64 75 6d	1
64 76 61	1
64 79 6e	1
64 fe ff	1
65 00 66	1
65 00 6c	1
65 00 6d	1
65 11 00	1
65 20 00	1
65 20 25	1
65 20 63	1
65 40 40	1
65 45 50	1
65 45 52	1
65 49 4e	1
65 49 50	1
65 5f 73	1
65 5f 74	1
65 61 64	1
65 61 72	1
65 61 74	1
65 63 6b	1
65 65 00	1
65 65 40	1
65 65 6b	1
65 68 5f	1
65 6b 00	1
65 6c 61	1
65 6c 65	1
65 6c 6c	1
65 6d 6d	1
65 6e 00	1
65 6e 20	1
65 70 74	1
65 71 5f	1
65 72 65	1
65 72 70	1
65 72 72	1
65 72 73	1
65 73 00	1
65 73 20	1
65 73 3a	1
65 73 73	1
65 73 75	1
65 74 5f	1
65 74 75	1
65 78 63	1
65 d8 4c	1
66 00 00	1
66 00 6d	1
66 05 00	1
66 0c 07	1
66 13 40	1
66 1a 00	1
66 40 40	1
66 49 37	1
66 5f 69	1
66 5f 6e	1
66 5f 70	1
66 66 06	1
66 66 2e	1
66 66 66	1
66 6f 45	1
66 6f 70	1
66 70 72	1
66 73 65	1
66 74 65	1
66 db ff	1
66 e9 ff	1
66 f3 ff	1
66 fc ff	1
67 00 5f	1
67 05 00	1
67 0a 00	1
67 0c 00	1
67 20 73	1
67 2e 00	1
67 65 45	1
67 65 5f	1
67 65 74	1
67 6d 6f	1
67 78 78	1
67 b7 ff	1
67 f2 ff	1
68 00 2e	1
68 00 5f	1
68 02 00	1
68 03 00	1
68 05 00	1
68 08 00	1
68 0b 00	1
68 0c 07	1
68 11 00	1
68 14 00	1
68 17 00	1
68 1a 00	1
68 1d 00	1
68 20 00	1
68 23 00	1
68 26 00	1
68 29 00	1
68 2c 00	1
68 40 40	1
68 48 89	1
68 5f 62	1
68 5f 66	1
68 61 73	1
68 64 72	1
68 65 6c	1
68 65 6e	1
68 69 6e	1
68 72 6f	1
68 73 2e	1
68 73 74	1
69 00 00	1
69 09 00	1
69 1c 00	1
69 40 40	1
69 45 44	1
69 45 76	1
69 48 8b	1
69 4c 62	1
69 50 69	1
69 53 31	1
69 5d 40	1
69 5f 61	1
69 62 36	1
69 62 63	1
69 62 6d	1
69 66 66	1
69 69 3a	1
69 6c 64	1
69 6e 45	1
69 6e 5f	1
69 6e 63	1
69 6e 64	1
69 6e 75	1
69 6e 76	1
69 73 70	1
69 74 40	1
69 74 79	1
69 76 65	1
69 f3 ff	1
6a 02 00	1
6a 1e 00	1
6a 63 72	1
6a 7c 20	1
6a c0 ff	1
6a db ff	1
6a e7 ff	1
6b 45 52	1
6b 65 79	1
6b b6 00	1
6c 00 5f	1
6c 06 00	1
6c 09 00	1
6c 15 00	1
6c 18 00	1
6c 1f 00	1
6c 2f 00	1
6c 43 31	1
6c 44 31	1
6c 44 32	1
6c 50 76	1
6c 5f 64	1
6c 61 73	1
6c 64 20	1
6c 69 64	1
6c 6c 00	1
6c 6c 5f	1
6c 6f 62	1
6c 73 49	1
6c 83 7d	1
6c de ff	1
6d 07 00	1
6d 09 00	1
6d 0c 07	1
6d 13 00	1
6d 20 61	1
6d 45 52	1
6d 52 4b	1
6d 5f 61	1
6d 63 6d	1
6d 65 40	1
6d 69 63	1
6d 6d 6f	1
6d 6f 6e	1
6d 6f 72	1
6d 70 61	1
6d 74 61	1
6d 79 00	1
6d e0 28	1
6d ff ff	1
6e 00 2e	1
6e 00 5f	1
6e 0f 00	1
6e 20 63	1
6e 20 6f	1
6e 21 00	1
6e 2d 00	1
6e 2d 61	1
6e 40 40	1
6e 45 6d	1
6e 45 76	1
6e 5f 72	1
6e 5f 73	1
6e 61 6c	1
6e 64 00	1
6e 64 6f	1
6e 65 54	1
6e 65 73	1
6e 66 6f	1
6e 67 74	1
6e 69 5f	1
6e 6d 6f	1
6e 73 74	1
6e 74 40	1
6e 74 45	1
6e 74 65	1
6f 13 00	1
6f 5f 67	1
6f 5f 68	1
6f 62 61	1
6f 63 00	1
6f 63 40	1
6f 65 78	1
6f 66 20	1
6f 66 5f	1
6f 66 73	1
6f 69 00	1
6f 6d 5f	1
6f 6e 2d	1
6f 6e 73	1
6f 6e 74	1
6f 70 65	1
6f 72 2c	1
6f 72 3a	1
6f 72 61	1
6f 73 5f	1
6f 74 00	1
6f 74 20	1
6f 74 65	1
6f 77 00	1
6f 79 45	1
6f 79 5f	1
70 00 00	1
70 00 5f	1
70 40 40	1
70 45 69	1
70 6c 65	1
70 75 73	1
70 76 00	1
70 76 45	1
70 df ff	1
70 e2 ff	1
70 fe ff	1
71 01 00	1
71 04 00	1
71 09 00	1
71 0c 00	1
71 31 33	1
71 43 31	1
71 45 38	1
71 45 39	1
71 45 45	1
71 45 4e	1
71 45 50	1
71 45 76	1
71 49 50	1
71 4c 62	1
71 53 31	1
71 53 34	1
72 00 5f	1
72 02 00	1
72 20 77	1
72 2c 20	1
72 40 40	1
72 43 6c	1
72 49 54	1
72 54 4d	1
72 5f 63	1
72 61 79	1
72 62 00	1
72 64 49	1
72 64 5f	1
72 65 6c	1
72 65 73	1
72 65 74	1
72 69 74	1
72 6e 20	1
72 73 5f	1
72 73 6f	1
72 74 5f	1
72 74 61	1
72 75 63	1
72 79 00	1
72 7d 20	1
73 00 2e	1
73 0c 07	1
73 0e 48	1
73 15 00	1
73 20 00	1
73 3a 00	1
73 44 31	1
73 45 53	1
73 45 6d	1
73 48 89	1
73 49 53	1
73 49 54	1
73 5f 6f	1
73 5f 74	1
73 68 5f	1
73 69 6f	1
73 6f 6e	1
73 73 65	1
73 73 6f	1
73 74 61	1
73 75 6d	1
73 79 6d	1
73 f4 ff	1
74 00 00	1
74 00 6e	1
74 01 00	1
74 02 40	1
74 04 83	1
74 07 00	1
74 0c 48	1
74 0d 83	1
74 0f 00	1
74 10 c7	1
74 11 00	1
74 11 48	1
74 15 e8	1
74 16 00	1
74 17 00	1
74 1b 00	1
74 1d 00	1
74 1d 48	1
74 1e 48	1
74 20 00	1
74 20 34	1
74 20 61	1
74 20 6e	1
74 2a 00	1
74 2b 48	1
74 2e 70	1
74 31 34	1
74 32 33	1
74 33 6d	1
74 37 5f	1
74 3a 00	1
74 3a 48	1
74 40 40	1
74 45 4e	1
74 45 69	1
74 49 37	1
74 5f 5f	1
74 5f 62	1
74 5f 6d	1
74 5f 6e	1
74 5f 73	1
74 5f 74	1
74 61 00	1
74 61 62	1
74 61 67	1
74 61 74	1
74 64 04	1
74 65 00	1
74 65 2e	1
74 65 40	1
74 65 5f	1
74 65 64	1
74 65 71	1
74 66 40	1
74 69 6e	1
74 6c 73	1
74 6d 5f	1
74 6f 66	1
74 72 00	1
74 72 75	1
74 72 79	1
74 73 5f	1
74 73 69	1
74 73 74	1
74 79 5f	1
74 7d 40	1
74 f4 5d	1
75 06 90	1
75 08 00	1
75 14 00	1
75 14 48	1
75 19 48	1
75 20 48	1
75 2d 48	1
75 2e 76	1
75 30 48	1
75 3d 48	1
75 43 48	1
75 62 5f	1
75 65 20	1
75 66 66	1
75 6d 20	1
75 6d 6d	1
75 73 65	1
75 74 20	1
75 74 70	1
75 74 73	1
75 80 48	1
75 9d 48	1
75 a0 48	1
75 e4 48	1
75 f0 eb	1
75 f0 ff	1
76 00 00	1
76 00 66	1
76 00 6c	1
76 04 00	1
76 0b 48	1
76 12 40	1
76 1e 00	1
76 30 40	1
76 31 31	1
76 50 54	1
76 52 53	1
76 52 54	1
76 5f 52	1
76 65 40	1
76 65 49	1
76 65 72	1
77 02 5d	1
77 0c 07	1
77 11 00	1
77 12 00	1
77 12 48	1
77 2c 00	1
77 40 40	1
77 68 65	1
77 69 6e	1
77 69 74	1
77 72 69	1
77 fe ff	1
78 00 00	1
78 1e 00	1
78 20 00	1
78 2d 78	1
78 45 6d	1
78 61 5f	1
78 74 00	1
78 78 5f	1
78 78 61	1
78 78 65	1
78 ff ff	1
79 01 00	1
79 03 00	1
79 12 00	1
79 20 65	1
79 38 a3	1
79 45 52	1
79 45 76	1
79 49 4c	1
79 5f 62	1
79 5f 63	1
79 5f 69	1
79 5f 73	1
79 6e 61	1
79 6e 73	1
7a 01 00	1
7a 20 00	1
7a 30 00	1
7a 65 3a	1
7a dc ff	1
7a f1 ff	1
7b 18 00	1
7b 21 00	1
7c 04 00	1
7c 0c 00	1
7c 0e 00	1
7c 11 00	1
7c 1c 00	1
7c 95 8b	1
7d 00 00	1
7d 0c 07	1
7d 0d 83	1
7d 8c 00	1
7d a8 48	1
7d b8 48	1
7d d8 48	1
7d e8 00	1
7d e8 89	1
7d ec 00	1
7d f0 ff	1
7e 03 00	1
7e 26 00	1
7e d8 8b	1
7e e3 83	1
7e e3 ff	1
7e ff ff	1
7f 05 00	1
7f 40 00	1
7f 45 4c	1
7f ff ff	1
80 00 00	1
80 00 3f	1
80 0c 00	1
80 14 00	1
80 3d 51	1
80 7f 00	1
80 e1 ff	1
81 00 00	1
81 13 00	1
82 19 00	1
82 7c 20	1
83 04 00	1
83 04 8a	1
83 05 02	1
83 07 4d	1
83 2b 00	1
83 3d 08	1
83 45 98	1
83 45 a0	1
83 45 a4	1
83 45 d8	1
83 45 e8	1
83 7d 8c	1
83 7d d8	1
83 7d e8	1
83 7d f8	1
83 bd 2c	1
83 c0 20	1
83 c0 28	1
83 c2 01	1
83 c4 08	1
83 c4 10	1
83 c4 28	1
83 c4 40	1
83 c4 50	1
83 c4 58	1
83 c4 80	1
83 d3 ff	1
83 e0 07	1
83 e4 f0	1
83 ec 08	1
83 ec 28	1
83 ec 40	1
83 ec 50	1
83 ec 58	1
83 f0 01	1
83 f8 0e	1
84 01 00	1
84 01 45	1
84 08 00	1
84 0d 00	1
84 12 00	1
84 16 00	1
84 1c 00	1
84 48 8b	1
84 89 d6	1
84 8b 00	1
84 bd 00	1
84 c0 0f	1
84 c0 75	1
85 10 00	1
85 10 ff	1
85 17 01	1
85 1d 00	1
85 22 00	1
85 23 00	1
85 24 00	1
85 2a fe	1
85 2b fe	1
85 2c ff	1
85 2d 05	1
85 30 fe	1
85 38 ff	1
85 48 ff	1
85 50 ff	1
85 70 fe	1
85 c0 0f	1
85 c0 74	1
85 c0 75	1
85 c0 7e	1
85 c0 fd	1
85 c0 fe	1
86 14 40	1
86 a6 00	1
86 b7 ff	1
86 d9 ff	1
86 e5 ff	1
86 fe ff	1
87 2f 00	1
87 b8 ff	1
88 00 00	1
88 01 00	1
88 03 00	1
88 20 00	1
88 91 00	1
88 d2 ff	1
89 08 00	1
89 0a 48	1
89 10 48	1
89 10 5d	1
89 10 c9	1
89 42 08	1
89 45 a8	1
89 45 b0	1
89 45 d0	1
89 45 d8	1
89 45 dc	1
89 45 e4	1
89 55 b0	1
89 75 a0	1
89 75 b0	1
89 75 d4	1
89 75 f8	1
89 7d c8	1
89 7d e0	1
89 7d fc	1
89 85 00	1
89 85 2c	1
89 85 44	1
89 85 48	1
89 85 4c	1
89 85 e0	1
89 94 85	1
89 95 78	1
89 9d 30	1
89 b5 b0	1
89 c1 48	1
89 c3 4c	1
89 c3 e8	1
89 c5 48	1
89 cf e8	1
89 d7 ff	1
89 d9 48	1
89 df e8	1
89 e2 be	1
89 e6 bf	1
89 e8 48	1
89 ea 4c	1
89 eb 48	1
89 f6 41	1
89 f6 44	1
89 ff 41	1
8a 01 00	1
8a 14 00	1
8a 7d 20	1
8b 00 39	1
8b 00 5d	1
8b 00 c9	1
8b 05 5f	1
8b 05 c3	1
8b 20 48	1
8b 30 48	1
8b 40 10	1
8b 40 20	1
8b 45 b0	1
8b 45 cc	1
8b 45 d4	1
8b 45 fc	1
8b 48 8d	1
8b 4d d0	1
8b 4d e0	1
8b 50 08	1
8b 50 20	1
8b 55 90	1
8b 55 98	1
8b 55 9c	1
8b 55 a4	1
8b 55 c8	1
8b 55 e4	1
8b 55 fc	1
8b 58 20	1
8b 65 d0	1
8b 75 b0	1
8b 75 d8	1
8b 85 20	1
8b 85 30	1
8b 85 70	1
8b 8d e0	1
8b 95 10	1
8b 95 4c	1
8b 95 58	1
8b 9c 85	1
8c 00 00	1
8c 01 00	1
8c 05 83	1
8c 06 00	1
8c 0b 00	1
8c 13 00	1
8c d4 ff	1
8c dd ff	1
8c de ff	1
8d 04 45	1
8d 0c 02	1
8d 0c 07	1
8d 14 01	1
8d 21 00	1
8d 2d 18	1
8d 50 08	1
8d 55 90	1
8d 55 b0	1
8d 55 d0	1
8d 55 f8	1
8d 58 b0	1
8d 58 f8	1
8d 60 d8	1
8d 60 fc	1
8d 7d 40	1
8d 85 2b	1
8d 85 30	1
8d 85 50	1
8d 85 80	1
8d 85 a0	1
8d 85 d0	1
8d 95 10	1
8d a5 80	1
8d e0 fd	1
8e 01 05	1
8e 0f 00	1
8e 27 fa	1
8e cf ff	1
8f 29 00	1
8f 2f 00	1
8f dd ff	1
8f de ff	1
8f f9 ff	1
8f fa ff	1
8f fd ff	1
90 00 00	1
90 0c 07	1
90 0f 1f	1
90 41 57	1
90 48 89	1
90 91 60	1
90 f2 ff	1
90 ff ff	1
91 00 00	1
91 da ff	1
91 e2 ff	1
91 ed ff	1
92 08 00	1
92 eb ff	1
92 f5 ff	1
92 f9 ff	1
92 ff ff	1
93 15 00	1
93 1d 00	1
94 00 00	1
94 0a 00	1
94 13 00	1
94 19 00	1
94 c0 84	1
94 c0 c9	1
95 2a fe	1
95 2b fe	1
95 2c 00	1
95 30 ff	1
95 38 ff	1
95 70 fe	1
95 78 ff	1
95 a0 fe	1
95 a8 f3	1
95 c0 84	1
95 c0 fd	1
95 f0 fe	1
95 fe ff	1
96 13 40	1
96 de ff	1
96 f0 ff	1
97 00 00	1
97 01 00	1
97 27 00	1
97 91 60	1
97 e0 ff	1
98 00 00	1
98 02 00	1
98 05 00	1
98 0b 00	1
98 11 00	1
98 48 8d	1
98 d6 ff	1
98 ef ff	1
98 f6 ff	1
99 00 00	1
99 01 00	1
99 1c 00	1
99 2c 05	1
99 f4 ff	1
99 ff ff	1
9a 08 00	1
9a 7c 20	1
9b 02 00	1
9b 0b 00	1
9b 3f 43	1
9c 05 00	1
9c 09 00	1
9c 0d 00	1
9c 0f 00	1
9c 10 00	1
9c 14 00	1
9c f2 0f	1
9c f9 ff	1
9d 01 00	1
9d 03 00	1
9d b1 ff	1
9e 09 00	1
9e 0e 00	1
9e 1d 00	1
9f e3 ff	1
a0 0c 00	1
a0 5e 40	1
a0 f2 0f	1
a0 fe ff	1
a1 08 00	1
a1 11 00	1
a1 25 00	1
a1 df ff	1
a2 02 00	1
a2 28 00	1
a2 7d 20	1
a2 cb 6b	1
a2 d1 ff	1
a2 ee ff	1
a2 ff ff	1
a3 09 00	1
a3 24 00	1
a4 00 00	1
a4 12 00	1
a4 17 00	1
a4 dd ff	1
a4 f0 ff	1
a5 1a 00	1
a6 01 00	1
a6 12 40	1
a6 16 00	1
a6 f8 ff	1
a7 1e 00	1
a7 21 00	1
a7 db ff	1
a7 f8 ff	1
a8 00 00	1
a8 03 00	1
a8 09 00	1
a8 0a 00	1
a8 2a 00	1
a8 2c 00	1
a8 8b 00	1
a8 c7 45	1
a9 b9 ff	1
aa 1c 00	1
ab 00 00	1
ac 06 00	1
ac 0b 00	1
ac 0e 00	1
ac 10 00	1
ac 14 00	1
ac 23 00	1
ac ff ff	1
ad 07 00	1
ad 08 00	1
ae 00 00	1
ae 01 05	1
ae 03 00	1
ae 22 00	1
ae 7e 40	1
ae d1 ff	1
af 01 dd	1
af 0e 00	1
af 2f 00	1
b0 15 00	1
b0 5c 40	1
b0 91 60	1
b0 b8 00	1
b0 f3 ff	1
b0 fd ff	1
b1 00 00	1
b1 01 00	1
b1 06 00	1
b1 0b 00	1
b1 25 00	1
b1 2e 00	1
b1 ff ff	1
b2 00 00	1
b2 11 00	1
b2 16 00	1
b2 1a 00	1
b2 7c 20	1
b3 20 00	1
b3 2b 00	1
b3 dd ff	1
b3 de ff	1
b3 ff ff	1
b4 06 00	1
b4 0c 00	1
b4 1a 00	1
b4 1b 00	1
b4 1c 00	1
b4 5f 40	1
b5 12 00	1
b5 58 ff	1
b5 df ff	1
b5 ff ff	1
b6 14 40	1
b6 28 00	1
b6 e1 ff	1
b6 e6 ff	1
b6 f1 ff	1
b6 f8 ff	1
b6 ff ff	1
b7 03 05	1
b7 06 00	1
b7 1e 00	1
b7 24 00	1
b7 ed ff	1
b7 fd ff	1
b8 02 00	1
b8 02 4e	1
b8 07 00	1
b8 0d 00	1
b8 66 66	1
b8 91 00	1
b8 ba b4	1
b8 cd cc	1
b8 f3 ff	1
b9 00 00	1
b9 02 00	1
b9 05 05	1
b9 dd ff	1
b9 ff ff	1
ba 00 00	1
ba 01 00	1
ba 02 00	1
ba 04 00	1
ba 2b 00	1
ba 3a 00	1
ba 7d 20	1
ba 8b 45	1
bb 00 00	1
bb 0a 00	1
bb 0b 00	1
bb f1 ff	1
bb f5 ff	1
bb ff ff	1
bc 04 00	1
bc 08 00	1
bc 0c 00	1
bc 0d 00	1
bc 10 00	1
bc 17 00	1
bc ca ff	1
bc f3 ff	1
bc fa ff	1
bd 08 00	1
bd 09 00	1
bd 0c 00	1
bd 14 05	1
bd 2c 05	1
bd 30 ff	1
bd 50 ff	1
bd 60 ff	1
bd e0 ff	1
bd ff ff	1
be 01 00	1
be 0e 00	1
be 11 5e	1
be 1f 00	1
be 28 5f	1
be 2f 5e	1
be 50 5e	1
be 87 5f	1
be a3 5f	1
be c7 5d	1
be d4 5e	1
be e4 5d	1
bf 01 00	1
bf 04 00	1
bf 0c 07	1
bf 20 13	1
bf 26 00	1
bf 90 91	1
bf a0 13	1
bf d0 ff	1
c0 08 00	1
c0 08 48	1
c0 0f 85	1
c0 15 00	1
c0 18 48	1
c0 48 83	1
c0 4c 8b	1
c0 74 05	1
c0 74 08	1
c0 74 0a	1
c0 74 0c	1
c0 74 18	1
c0 74 22	1
c0 74 3e	1
c0 78 07	1
c0 bb 01	1
c0 be 00	1
c0 ef ff	1
c0 ff ff	1
c1 03 00	1
c1 06 00	1
c1 48 8d	1
c1 f2 0f	1
c1 f8 03	1
c2 00 00	1
c2 0f 84	1
c2 0f 92	1
c2 11 00	1
c2 1e 00	1
c2 23 00	1
c2 48 d1	1
c2 73 06	1
c2 74 31	1
c2 74 33	1
c2 ea ff	1
c2 f2 48	1
c3 00 00	1
c3 0f 1f	1
c3 0f 95	1
c3 0f 9c	1
c3 48 85	1
c3 48 89	1
c3 4c 89	1
c3 66 90	1
c3 b8 00	1
c3 e8 24	1
c4 05 00	1
c4 08 00	1
c4 08 c3	1
c4 0a 00	1
c4 13 00	1
c4 15 00	1
c4 1c 00	1
c4 20 5b	1
c4 30 5b	1
c4 48 5b	1
c4 48 89	1
c4 50 5b	1
c4 68 5b	1
c5 4c 89	1
c5 dc ff	1
c6 0c 00	1
c6 13 40	1
c6 48 89	1
c6 48 8b	1
c6 bf 90	1
c6 dd ff	1
c6 ff ff	1
c7 00 00	1
c7 02 00	1
c7 2a 1c	1
c7 40 08	1
c7 40 10	1
c7 45 90	1
c7 45 9c	1
c7 45 d0	1
c7 45 dc	1
c7 45 e8	1
c7 45 ec	1
c7 45 fc	1
c7 c0 20	1
c7 e8 00	1
c7 e8 04	1
c7 e8 06	1
c7 e8 07	1
c7 e8 0b	1
c7 e8 19	1
c7 e8 20	1
c7 e8 22	1
c7 e8 27	1
c7 e8 28	1
c7 e8 2a	1
c7 e8 2f	1
c7 e8 35	1
c7 e8 36	1
c7 e8 38	1
c7 e8 39	1
c7 e8 3a	1
c7 e8 3b	1
c7 e8 3d	1
c7 e8 3f	1
c7 e8 41	1
c7 e8 46	1
c7 e8 4e	1
c7 e8 4f	1
c7 e8 51	1
c7 e8 55	1
c7 e8 5c	1
c7 e8 5d	1
c7 e8 61	1
c7 e8 63	1
c7 e8 6b	1
c7 e8 6d	1
c7 e8 70	1
c7 e8 72	1
c7 e8 78	1
c7 e8 7d	1
c7 e8 7f	1
c7 e8 81	1
c7 e8 84	1
c7 e8 86	1
c7 e8 87	1
c7 e8 88	1
c7 e8 89	1
c7 e8 92	1
c7 e8 94	1
c7 e8 95	1
c7 e8 96	1
c7 e8 99	1
c7 e8 9a	1
c7 e8 9c	1
c7 e8 a3	1
c7 e8 a4	1
c7 e8 a8	1
c7 e8 a9	1
c7 e8 aa	1
c7 e8 ad	1
c7 e8 af	1
c7 e8 b4	1
c7 e8 bb	1
c7 e8 c1	1
c7 e8 c2	1
c7 e8 c5	1
c7 e8 c6	1
c7 e8 c7	1
c7 e8 c8	1
c7 e8 c9	1
c7 e8 ca	1
c7 e8 cb	1
c7 e8 cd	1
c7 e8 d0	1
c7 e8 d3	1
c7 e8 d4	1
c7 e8 df	1
c7 e8 e2	1
c7 e8 e3	1
c7 e8 e7	1
c7 e8 e8	1
c7 e8 e9	1
c7 e8 eb	1
c7 e8 ed	1
c7 e8 f2	1
c7 e8 f8	1
c7 e8 f9	1
c7 e8 fb	1
c7 e8 fc	1
c8 0f 84	1
c8 48 83	1
c8 48 8d	1
c8 48 c7	1
c8 c7 40	1
c8 d8 ff	1
c8 f8 ff	1
c9 21 00	1
c9 2d 00	1
c9 f3 ff	1
c9 fa ff	1
ca 0d 00	1
ca 1b 00	1
ca 7c 20	1
ca 8b 12	1
ca ff ff	1
cb 2d 00	1
cb d2 ff	1
cb e3 83	1
cb ff ff	1
cc 01 bb	1
cc 01 df	1
cc 0e 00	1
cc 11 00	1
cc 15 00	1
cc 48 8d	1
cc c7 45	1
cc f4 ff	1
cc ff ff	1
cd 04 00	1
cd 2c 00	1
cd 2e 00	1
ce 13 00	1
ce f2 ff	1
cf 11 00	1
cf e0 ff	1
cf e8 ca	1
d0 01 00	1
d0 14 05	1
d0 19 00	1
d0 48 01	1
d0 48 39	1
d0 48 8b	1
d0 48 d1	1
d0 4c 8b	1
d0 75 d1	1
d0 8b 55	1
d0 bb 01	1
d0 c9 c3	1
d0 ce ff	1
d0 fe ff	1
d1 00 00	1
d1 0f 00	1
d1 5e 48	1
d1 de ff	1
d2 00 00	1
d2 16 00	1
d2 25 00	1
d2 26 00	1
d2 48 8d	1
d2 74 f4	1
d2 7d 20	1
d2 af ff	1
d2 dc ff	1
d2 f4 ff	1
d2 f7 ff	1
d3 01 f3	1
d3 09 00	1
d3 27 00	1
d3 48 29	1
d3 af 6b	1
d4 01 00	1
d4 11 00	1
d4 18 00	1
d4 1b 00	1
d4 2b 00	1
d4 89 d6	1
d5 07 00	1
d5 1f 00	1
d5 41 54	1
d5 ce ff	1
d6 02 00	1
d6 05 00	1
d6 0d 00	1
d6 12 40	1
d7 1c 00	1
d7 25 00	1
d7 29 00	1
d7 e8 64	1
d7 e8 ac	1
d7 e8 bc	1
d7 ff ff	1
d8 00 7e	1
d8 01 48	1
d8 01 8b	1
d8 14 00	1
d8 1c 00	1
d8 28 48	1
d8 48 c1	1
d8 83 e0	1
d8 8d 60	1
d8 c7 45	1
d8 c9 c3	1
d8 d2 ff	1
d8 e9 2f	1
d8 fd ff	1
d8 ff 00	1
da 03 00	1
da 0a 00	1
da 0c 00	1
da 17 00	1
da 48 89	1
da b7 ff	1
da f3 ff	1
db 10 00	1
db 2d 00	1
db 74 11	1
dc 00 7f	1
dc 05 00	1
dc 05 7e	1
dc 0f 00	1
dc 11 00	1
dc 1e 00	1
dd 04 00	1
dd 1d 00	1
dd 2b 00	1
dd 41 00	1
dd b8 ff	1
de 21 00	1
df 08 00	1
df 0b 00	1
df 26 00	1
df e8 23	1
df e8 2b	1
df e8 af	1
df e8 b0	1
df f8 ff	1
e0 02 4c	1
e0 0f 1f	1
e0 15 40	1
e0 19 00	1
e0 df ff	1
e0 e1 ff	1
e0 f5 ff	1
e1 09 00	1
e1 0f 00	1
e1 2c 05	1
e1 48 89	1
e2 02 48	1
e2 7c 20	1
e2 be 01	1
e2 ed ff	1
e2 ee ff	1
e3 12 00	1
e3 2a 00	1
e3 eb 03	1
e4 07 00	1
e4 0d 00	1
e4 12 00	1
e4 16 00	1
e4 48 89	1
e5 02 00	1
e5 13 00	1
e5 2c 00	1
e5 31 db	1
e5 41 54	1
e5 41 56	1
e5 5d c3	1
e5 74 64	1
e5 7d 20	1
e5 be ff	1
e5 e8 7e	1
e5 ff d0	1
e6 04 05	1
e6 0e 00	1
e6 14 40	1
e6 14 99	1
e6 48 89	1
e6 5e 40	1
e6 d1 ff	1
e6 fd ff	1
e8 01 83	1
e8 02 fa	1
e8 04 bd	1
e8 05 00	1
e8 05 e9	1
e8 07 f4	1
e8 08 e1	1
e8 08 f1	1
e8 0b e4	1
e8 0c 04	1
e8 0c 40	1
e8 0c e6	1
e8 0d 00	1
e8 0e 00	1
e8 0e 0c	1
e8 0e e8	1
e8 0e f5	1
e8 0f 08	1
e8 0f b6	1
e8 10 e1	1
e8 11 09	1
e8 13 0a	1
e8 17 e0	1
e8 19 0f	1
e8 1b e2	1
e8 1c 02	1
e8 1c 20	1
e8 1c e4	1
e8 1d ea	1
e8 1e 08	1
e8 1e c0	1
e8 20 0c	1
e8 21 01	1
e8 25 f4	1
e8 28 48	1
e8 2c e1	1
e8 2c fb	1
e8 2d 08	1
e8 2d ee	1
e8 2d fd	1
e8 2e 1e	1
e8 2f 07	1
e8 31 ee	1
e8 32 02	1
e8 33 e5	1
e8 3a 02	1
e8 3b 1f	1
e8 3d 04	1
e8 3d f5	1
e8 3e 09	1
e8 41 0b	1
e8 41 0c	1
e8 43 e2	1
e8 45 1f	1
e8 45 e2	1
e8 47 1d	1
e8 4b 01	1
e8 4c 0d	1
e8 4c 89	1
e8 4c f5	1
e8 4d 1f	1
e8 50 0b	1
e8 50 eb	1
e8 51 f1	1
e8 52 e1	1
e8 52 f0	1
e8 53 e3	1
e8 55 09	1
e8 57 01	1
e8 58 b8	1
e8 59 0e	1
e8 59 1e	1
e8 5b 02	1
e8 5b 14	1
e8 5c 13	1
e8 5d fe	1
e8 60 0c	1
e8 62 f9	1
e8 63 00	1
e8 63 09	1
e8 63 e2	1
e8 64 0f	1
e8 67 09	1
e8 67 f5	1
e8 68 0c	1
e8 6a 04	1
e8 6a 1d	1
e8 6a e1	1
e8 6f 09	1
e8 6f f1	1
e8 70 d6	1
e8 71 06	1
e8 71 d2	1
e8 76 f0	1
e8 79 09	1
e8 79 0f	1
e8 79 ea	1
e8 7a f9	1
e8 7b 0a	1
e8 7c 14	1
e8 7d eb	1
e8 7e 04	1
e8 7e f3	1
e8 7f 12	1
e8 80 eb	1
e8 80 fc	1
e8 81 0b	1
e8 82 06	1
e8 82 1d	1
e8 82 fa	1
e8 83 07	1
e8 83 1d	1
e8 84 ee	1
e8 85 08	1
e8 86 14	1
e8 86 e7	1
e8 87 0b	1
e8 89 02	1
e8 89 75	1
e8 8b 03	1
e8 8b 12	1
e8 8b 1c	1
e8 8c eb	1
e8 8d 60	1
e8 90 04	1
e8 92 c3	1
e8 92 e4	1
e8 9c f2	1
e8 9e 1c	1
e8 9e fd	1
e8 a0 07	1
e8 a1 e0	1
e8 a2 09	1
e8 a2 fb	1
e8 a3 f1	1
e8 a4 cc	1
e8 a4 e1	1
e8 a4 ef	1
e8 a5 de	1
e8 a5 e3	1
e8 a7 09	1
e8 a9 1d	1
e8 a9 ca	1
e8 aa f2	1
e8 aa ff	1
e8 ab 01	1
e8 ac 07	1
e8 b2 e1	1
e8 b3 1d	1
e8 b5 df	1
e8 b7 d4	1
e8 b9 0b	1
e8 ba 09	1
e8 bb 00	1
e8 bb 14	1
e8 c0 ce	1
e8 c0 ee	1
e8 c5 ed	1
e8 c6 0f	1
e8 c7 0e	1
e8 ca c0	1
e8 cc e2	1
e8 ce 09	1
e8 ce 0c	1
e8 cf 1c	1
e8 cf 1d	1
e8 cf ee	1
e8 d0 10	1
e8 d0 e4	1
e8 d1 f8	1
e8 d5 f4	1
e8 d9 f9	1
e8 db 02	1
e8 dd 1f	1
e8 dd f4	1
e8 de 1c	1
e8 e1 f4	1
e8 e5 09	1
e8 e7 f2	1
e8 e8 fc	1
e8 e9 13	1
e8 e9 cc	1
e8 ea e2	1
e8 eb 00	1
e8 eb 33	1
e8 eb 37	1
e8 eb ee	1
e8 ec 08	1
e8 ec e0	1
e8 ed ce	1
e8 ed d7	1
e8 ed e2	1
e8 ee f3	1
e8 ef 1f	1
e8 f0 06	1
e8 f0 10	1
e8 f0 fe	1
e8 f4 08	1
e8 f4 e2	1
e8 f4 f1	1
e8 f5 0b	1
e8 f5 0e	1
e8 f6 05	1
e8 f6 08	1
e8 f7 f7	1
e8 fb e3	1
e8 fc 1c	1
e8 fc f4	1
e8 fd 09	1
e8 ff ba	1
e9 00 fe	1
e9 01 01	1
e9 10 fd	1
e9 20 ff	1
e9 30 fe	1
e9 40 fd	1
e9 50 ff	1
e9 60 fe	1
e9 70 fd	1
e9 73 ff	1
e9 80 ff	1
e9 83 13	1
e9 84 00	1
e9 90 fe	1
e9 a0 fd	1
e9 a7 00	1
e9 b0 ff	1
e9 b2 11	1
e9 c0 fe	1
e9 ca 05	1
e9 cd 00	1
e9 d0 fd	1
e9 d6 00	1
e9 db 03	1
e9 e0 ff	1
e9 ea ff	1
e9 ee 14	1
e9 f0 fe	1
e9 ff ff	1
ea 16 00	1
ea 17 00	1
ea 28 00	1
ea 83 e0	1
ea f2 ff	1
eb 05 b8	1
eb 0b 84	1
eb 0d 00	1
eb 0e 45	1
eb 1b eb	1
eb 22 48	1
eb 23 be	1
eb 33 48	1
eb 38 48	1
eb 47 48	1
eb 57 49	1
eb 75 ea	1
eb 7a 83	1
eb f9 ff	1
ec 01 00	1
ec 08 00	1
ec 08 e8	1
ec 13 00	1
ec 16 00	1
ec 18 00	1
ec 1d 00	1
ec 28 48	1
ec 2f 00	1
ec 48 0c	1
ec 80 5b	1
ed 07 00	1
ed 49 89	1
ed 74 1e	1
ee 04 00	1
ee 48 89	1
ee ea ff	1
ee eb ff	1
ef 00 00	1
ef 02 82	1
ef 0b 00	1
ef 0c 00	1
ef 1f 00	1
ef 27 00	1
ef c7 ff	1
f0 00 74	1
f0 01 84	1
f0 02 00	1
f0 08 00	1
f0 1a 00	1
f0 48 c1	1
f0 5f 40	1
f0 75 dd	1
f0 c9 c3	1
f0 d2 ff	1
f0 dd ff	1
f0 eb 04	1
f0 fe ff	1
f1 04 00	1
f1 05 00	1
f1 1c 00	1
f2 03 00	1
f2 0f 58	1
f2 0f 5e	1
f2 19 00	1
f2 48 0f	1
f2 4c 89	1
f3 0f b6	1
f3 2e 00	1
f4 09 28	1
f4 0b 00	1
f4 0c 00	1
f4 0e 00	1
f4 14 00	1
f4 19 00	1
f4 1c 00	1
f4 48 63	1
f4 48 8b	1
f4 f0 ff	1
f5 2b 05	1
f5 fe ff	1
f6 13 40	1
f6 da ff	1
f7 17 00	1
f7 21 00	1
f7 2a 00	1
f7 2d 00	1
f7 5e 40	1
f8 00 00	1
f8 01 00	1
f8 01 48	1
f8 03 48	1
f8 05 00	1
f8 07 00	1
f8 09 00	1
f8 28 48	1
f8 48 83	1
f8 48 b8	1
f8 75 02	1
f8 83 7d	1
f8 89 50	1
f8 89 75	1
f8 8b 40	1
f8 8d 00	1
f8 c9 c3	1
f8 e1 ff	1
f8 e4 ff	1
f9 14 00	1
f9 24 00	1
f9 25 00	1
fa 0e 00	1
fa 1d 00	1
fa 7c 20	1
fa d9 ff	1
fa f4 ff	1
fa f9 ff	1
fc 01 75	1
fc 04 00	1
fc 06 00	1
fc 09 00	1
fc 0f 00	1
fc 89 75	1
fc dd ff	1
fc fe ff	1
fc ff ff	1
fe 06 00	1
fe 2b 00	1
ff 00 74	1
ff 01 00	1
ff 01 0e	1
ff 01 b4	1
ff 02 75	1
ff 03 15	1
ff 03 25	1
ff 04 08	1
ff 04 16	1
ff 06 00	1
ff 0a 00	1
ff 0c 06	1
ff 0c 09	1
ff 0c 0b	1
ff 0c 14	1
ff 0f 86	1
ff 12 00	1
ff 14 12	1
ff 14 19	1
ff 14 dc	1
ff 1c 00	1
ff 1c 1c	1
ff 1d 00	1
ff 21 00	1
ff 22 00	1
ff 24 0e	1
ff 24 10	1
ff 24 17	1
ff 25 02	1
ff 25 1a	1
ff 25 32	1
ff 25 4a	1
ff 25 62	1
ff 25 72	1
ff 25 7a	1
ff 25 8a	1
ff 25 92	1
ff 25 a2	1
ff 25 aa	1
ff 25 ba	1
ff 25 c2	1
ff 25 d2	1
ff 25 d4	1
ff 25 ea	1
ff 32 00	1
ff 34 0c	1
ff 34 1a	1
ff 35 d2	1
ff 37 00	1
ff 3c 07	1
ff 3d 00	1
ff 3f 5d	1
ff 44 00	1
ff 44 0a	1
ff 44 13	1
ff 44 15	1
ff 48 00	1
ff 48 3b	1
ff 48 98	1
ff 48 c7	1
ff 4c 18	1
ff 54 0f	1
ff 54 11	1
ff 54 1b	1
ff 55 00	1
ff 5d c3	1
ff 64 0d	1
ff 64 16	1
ff 66 0f	1
ff 6c 08	1
ff 6c 0b	1
ff 6c 14	1
ff 6f 00	1
ff 71 00	1
ff 74 19	1
ff 75 29	1
ff 76 0b	1
ff 77 00	1
ff 7c 09	1
ff 7c 12	1
ff 83 7d	1
ff 83 bd	1
ff 84 10	1
ff 84 17	1
ff 84 1c	1
ff 85 c0	1
ff 89 c1	1
ff 89 da	1
ff 8b 45	1
ff 8b 85	1
ff 8c 0e	1
ff 8d 50	1
ff 8e 00	1
ff 94 1a	1
ff 9c 07	1
ff 9c 08	1
ff 9c 0c	1
ff a4 0a	1
ff a4 13	1
ff a4 15	1
ff ac 18	1
ff b4 05	1
ff b4 11	1
ff b4 1b	1
ff bb 01	1
ff bc 0f	1
ff be 15	1
ff be 69	1
ff be 6c	1
ff be c3	1
ff be e4	1
ff be f1	1
ff be fb	1
ff bf 28	1
ff c4 0d	1
ff c4 16	1
ff c9 00	1
ff d4 0b	1
ff d4 19	1
ff dc 06	1
ff dc 09	1
ff dc 14	1
ff e2 0f	1
ff e4 12	1
ff e4 17	1
ff e8 7d	1
ff eb 03	1
ff ec 0e	1
ff ec 10	1
ff f4 1a	1
ff f4 66	1
ff fc 0c	1
ff ff 06	1
ff ff 0a	1
ff ff 11	1
ff ff 17	1
ff ff 1d	1
ff ff 22	1
ff ff 27	1
ff ff 2b	1
ff ff 2c	1
ff ff 2d	1
ff ff 32	1
ff ff 38	1
ff ff 3d	1
ff ff 42	1
ff ff 5b	1
ff ff 74	1
ff ff 76	1
ff ff 82	1
ff ff 83	1
ff ff 8c	1
ff ff c5	1
ff ff c7	1
ff ff e5	1
