00 00 00	3409
00 22 00	187
ff ff 48	187
48 89 c7	169
89 c7 e8	149
48 8b 45	123
00 12 00	112
00 5f 5a	83
00 00 48	82
5f 5a 4e	78
08 00 00	77
ff 48 89	73
fd ff ff	63
48 89 e5	62
74 6f 72	61
41 0e 10	59
48 89 7d	59
86 02 43	59
34 70 61	58
53 74 34	58
61 69 72	58
69 72 49	58
74 34 70	58
ff ff ff	58
0c 07 08	56
48 8d 85	56
00 1c 00	55
70 61 69	55
00 41 0e	53
02 43 0d	53
0e 10 86	53
10 86 02	53
43 0d 06	53
00 00 1c	52
00 00 41	50
55 48 89	50
ff 48 8d	50
1c 00 00	49
72 49 53	49
00 07 00	48
00 48 89	47
07 08 00	47
53 74 31	46
c3 55 48	46
fe ff ff	44
61 49 53	43
64 45 53	43
89 e5 48	43
8b 45 f8	43
48 83 ec	41
f8 48 89	41
45 f8 48	40
63 74 6f	40
5a 4e 53	39
01 00 00	38
49 53 74	38
5f 45 45	37
53 61 49	35
00 03 00	34
6f 72 49	34
72 49 64	34
7d f8 48	34
45 76 00	33
40 00 00	32
48 89 d6	32
00 1a 00	31
49 53 73	31
80 60 00	31
81 60 00	31
ff 48 8b	31
31 5f 45	30
48 89 c3	30
5d c3 55	30
76 00 5f	30
00 01 00	29
00 02 00	29
48 8b 55	29
53 73 64	29
64 64 45	29
65 63 74	29
02 00 00	27
49 64 64	27
4e 53 74	26
f8 48 8b	26
45 53 61	25
5f 63 78	25
62 61 73	25
74 65 72	25
36 76 65	24
53 32 5f	24
5f 00 5f	24
5f 62 61	24
89 7d f8	24
89 c3 48	24
03 00 00	23
5f 5f 67	23
5f 67 6e	23
61 73 65	23
75 5f 63	23
89 d6 48	23
00 48 8b	22
05 00 00	22
45 e8 48	22
53 33 5f	22
69 74 65	22
76 65 63	22
8b 45 e8	22
e5 48 83	22
e8 48 8b	22
f0 48 8b	22
53 74 36	21
63 78 78	21
6e 75 5f	21
73 64 45	21
8b 45 a8	21
00 00 c9	20
00 0e 00	20
39 5f 5f	20
48 89 45	20
48 89 75	20
49 53 31	20
57 40 00	20
67 6e 75	20
78 78 31	20
d6 48 89	20
d8 48 89	20
0e 00 00	19
10 48 89	19
48 89 ce	19
49 53 32	19
5f 5a 53	19
61 74 6f	19
89 75 f0	19
ce 48 89	19
e8 48 89	19
ff ff 25	19
07 00 00	18
45 45 45	18
48 8b 00	18
4e 39 5f	18
53 31 5f	18
83 ec 10	18
00 00 e9	17
00 c9 c3	17
49 50 53	17
4c 49 42	17
50 53 74	17
52 4b 53	17
5a 53 74	17
64 45 45	17
6f 72 5f	17
72 5f 62	17
73 74 72	17
75 f0 48	17
89 ce 48	17
00 00 01	16
20 00 68	16
31 32 5f	16
40 40 47	16
43 58 58	16
48 89 85	16
49 42 43	16
49 63 45	16
5f 33 2e	16
5f 56 65	16
61 6c 6c	16
72 61 74	16
73 65 49	16
74 36 76	16
7d 60 00	16
83 ec 20	16
fc ff ff	16
00 20 00	15
04 00 00	15
0d 00 00	15
40 47 4c	15
45 53 74	15
45 a8 48	15
5f 69 74	15
65 72 61	15
89 7d e8	15
c3 48 8d	15
c9 c3 55	15
e0 48 89	15
00 04 00	14
06 00 00	14
10 00 00	14
34 00 5f	14
37 5f 5f	14
48 8b 85	14
6d 61 6c	14
6e 6f 72	14
a8 48 8b	14
d0 48 89	14
e2 ff ff	14
e5 48 89	14
33 40 00	13
40 00 48	13
48 8b 4d	13
4d 40 00	13
54 30 5f	13
5a 4e 39	13
6c 6f 63	13
6f 63 61	13
8b 00 48	13
c3 90 55	13
00 00 04	12
00 48 8d	12
0a 00 00	12
1a 00 00	12
20 fd ff	12
32 5f 56	12
33 2e 34	12
44 31 45	12
45 45 43	12
45 f0 48	12
47 4c 49	12
48 89 55	12
48 8d 50	12
55 e8 48	12
58 58 5f	12
5f 5f 6e	12
5f 74 72	12
61 69 74	12
61 6c 5f	12
63 6f 70	12
6c 6c 6f	12
73 49 63	12
00 00 10	11
00 08 00	11
00 0a 00	11
08 48 8b	11
2e 34 00	11
31 37 5f	11
31 45 76	11
32 5f 45	11
3b 40 00	11
42 43 58	11
43 32 45	11
45 52 4b	11
45 d8 48	11
56 65 63	11
58 5f 33	11
65 49 53	11
69 6e 69	11
69 74 73	11
6f 72 6d	11
74 31 32	11
74 72 61	11
78 31 37	11
89 55 e8	11
8b 55 e8	11
e0 48 8b	11
00 00 24	10
00 06 00	10
00 ff ff	10
01 48 8d	10
0d 06 45	10
0f 00 00	10
11 00 00	10
15 40 00	10
31 31 63	10
43 31 45	10
45 d0 48	10
48 83 c4	10
48 89 c2	10
48 8b 40	10
49 54 5f	10
5f 53 61	10
5f 6e 6f	10
60 ff ff	10
63 53 74	10
63 61 74	10
68 61 72	10
6c 5f 69	10
6f 70 79	10
72 5f 74	10
72 61 69	10
72 6d 61	10
73 69 63	10
74 73 49	10
89 df e8	10
8b 45 f0	10
90 55 48	10
a8 48 89	10
ec 10 48	10
ff ff ba	10
ff ff e9	10
00 00 02	9
00 00 e8	9
0b 00 00	9
0c 00 00	9
14 00 00	9
18 00 00	9
20 48 89	9
24 00 00	9
31 33 6e	9
31 63 68	9
32 5f 53	9
3c 40 00	9
45 50 53	9
4b 53 73	9
4b 53 74	9
51 40 00	9
52 40 00	9
61 72 5f	9
65 77 5f	9
6c 20 00	9
72 49 50	9
72 65 61	9
74 31 31	9
74 31 33	9
c2 48 8b	9
c9 c3 90	9
de ff ff	9
f8 ff ff	9
fa ff ff	9
00 00 08	8
00 10 00	8
00 11 00	8
00 25 00	8
00 2d 00	8
00 31 00	8
02 00 02	8
02 40 00	8
13 00 00	8
13 40 00	8
14 40 00	8
29 c2 48	8
31 33 5f	8
32 40 00	8
32 45 76	8
32 5f 00	8
34 40 00	8
45 31 33	8
45 43 31	8
45 76 40	8
46 40 00	8
48 89 de	8
48 8b 95	8
48 8d 45	8
49 0c 07	8
4c 62 30	8
4e 4b 53	8
50 01 48	8
50 40 00	8
53 34 5f	8
53 48 83	8
55 0c 07	8
5f 61 6c	8
61 6d 49	8
63 68 61	8
69 63 5f	8
69 7a 65	8
6b 20 00	8
74 72 65	8
82 60 00	8
85 20 fd	8
89 d0 48	8
89 e5 53	8
8b 85 60	8
c2 48 89	8
da ff ff	8
e1 ff ff	8
ec 20 48	8
f0 48 89	8
ff c9 c3	8
ff ff 0e	8
ff ff 1a	8
00 00 06	7
00 00 78	7
00 00 84	7
00 00 d0	7
00 00 f8	7
00 24 00	7
00 3d 00	7
06 45 83	7
09 00 00	7
19 00 00	7
31 45 52	7
33 5f 00	7
33 6e 65	7
44 40 00	7
45 31 32	7
45 40 00	7
45 45 4e	7
45 54 30	7
45 f8 5d	7
48 89 d8	7
4c 40 00	7
50 08 48	7
58 ff ff	7
5f 45 54	7
5f 54 5f	7
5f 6d 6f	7
61 73 69	7
65 45 53	7
75 e0 48	7
77 5f 61	7
7d e8 48	7
80 fe ff	7
89 45 e8	7
89 c2 48	7
8b 4d f0	7
8d 85 20	7
b8 00 00	7
c3 48 8b	7
d3 ff ff	7
df ff ff	7
e4 ff ff	7
ef ff ff	7
f5 ff ff	7
f8 5d c3	7
ff eb 03	7
ff ff eb	7
00 00 18	6
00 00 40	6
00 00 44	6
00 00 54	6
00 00 60	6
00 00 be	6
00 14 00	6
00 5f 5f	6
00 65 00	6
06 49 0c	6
06 55 0c	6
0d 06 49	6
0d 06 55	6
12 00 00	6
16 40 00	6
17 40 00	6
18 48 89	6
30 5f 54	6
45 53 32	6
48 3b 45	6
48 83 7d	6
48 89 df	6
4d e0 48	6
53 35 5f	6
53 40 00	6
54 40 00	6
54 5f 53	6
55 f0 48	6
5a 4e 4b	6
5f 4d 5f	6
5f 53 33	6
5f 5f 63	6
5f 5f 75	6
5f 63 6f	6
60 00 00	6
62 30 45	6
63 5f 69	6
65 73 74	6
6c 69 7a	6
6d 49 63	6
6d 70 6c	6
6e 69 6e	6
6e 69 74	6
6f 73 5f	6
72 5f 69	6
72 6f 79	6
74 00 5f	6
74 61 72	6
74 69 61	6
75 40 00	6
76 65 5f	6
83 03 02	6
89 75 e0	6
8b 45 d8	6
8b 45 e0	6
8b 55 f0	6
8d b5 20	6
90 fd ff	6
c0 fc ff	6
d0 48 8d	6
d7 ff ff	6
e9 2c 00	6
ed ff ff	6
ff 00 00	6
ff 1a 00	6
ff 48 29	6
ff ff 00	6
ff ff be	6
ff ff c9	6
00 00 03	5
00 00 09	5
00 00 30	5
00 00 70	5
00 00 74	5
00 00 80	5
00 00 a0	5
00 00 b8	5
00 00 e0	5
00 00 e4	5
00 00 eb	5
00 00 f0	5
00 00 ff	5
00 05 00	5
00 38 00	5
00 40 00	5
00 eb 07	5
08 41 bc	5
08 48 8d	5
0d 00 38	5
0d 00 88	5
0d 00 aa	5
0d 00 ba	5
0d 00 c8	5
0d 00 f0	5
10 48 83	5
15 00 00	5
18 40 00	5
1b 00 00	5
31 5f 00	5
33 5f 53	5
34 62 61	5
37 40 00	5
39 62 61	5
40 00 41	5
40 40 00	5
45 44 32	5
48 8d b5	5
48 ff 48	5
49 40 00	5
49 63 53	5
4b 39 5f	5
4c 89 e2	5
4e 40 00	5
4e 4b 39	5
4f 40 00	5
50 4b 63	5
50 ff ff	5
53 74 38	5
54 53 48	5
55 f8 48	5
5b 41 5c	5
5f 49 6f	5
61 74 61	5
61 74 65	5
63 45 45	5
63 6f 6d	5
64 61 74	5
65 64 5f	5
69 72 73	5
69 73 74	5
70 65 6e	5
70 79 5f	5
74 79 70	5
76 40 40	5
7d d8 48	5
85 58 ff	5
85 60 ff	5
85 b0 fa	5
89 55 d8	5
89 75 d0	5
8b 40 08	5
8b 45 d0	5
8b 85 58	5
8d 45 a0	5
8d 45 e0	5
8d 45 f0	5
8d 50 01	5
8d 85 e0	5
90 41 bc	5
c1 e0 04	5
c4 18 5b	5
e3 ff ff	5
e5 53 48	5
ec ff ff	5
f1 ff 00	5
f2 0f 11	5
f6 ff ff	5
f7 ff ff	5
fb ff ff	5
fc 01 74	5
ff 48 83	5
ff 4c 89	5
ff ba 10	5
ff ff 18	5
00 00 14	4
00 00 20	4
00 00 32	4
00 00 36	4
00 00 38	4
00 00 49	4
00 00 4c	4
00 00 50	4
00 00 68	4
00 00 7c	4
00 00 9c	4
00 00 c4	4
00 00 c7	4
00 00 d4	4
00 18 00	4
00 29 00	4
00 5e 00	4
00 71 00	4
00 be 00	4
03 48 89	4
06 6c 0c	4
07 08 1c	4
0d 00 1e	4
0d 00 2e	4
0d 00 48	4
0d 00 7e	4
0d 00 ae	4
0d 00 e0	4
0d 06 02	4
0d 06 68	4
0d 40 00	4
10 33 40	4
10 48 8b	4
16 00 00	4
20 00 00	4
2d 00 00	4
30 fd ff	4
31 00 00	4
31 34 62	4
32 2e 35	4
32 4e 47	4
33 5f 45	4
34 5f 00	4
38 6d 61	4
3a 40 00	4
40 08 48	4
44 61 74	4
45 00 5f	4
45 43 32	4
45 44 31	4
45 45 44	4
45 52 53	4
45 83 03	4
45 a0 48	4
45 b0 48	4
45 e0 48	4
47 40 00	4
48 89 4d	4
48 89 50	4
48 89 9d	4
48 8d 55	4
48 8d 8d	4
48 c1 f8	4
48 c7 40	4
49 89 c4	4
4b 40 00	4
50 4b 53	4
50 fd ff	4
53 5f 31	4
54 31 5f	4
55 d0 48	4
55 d8 48	4
5a 4e 31	4
5b 5d c3	4
5d c3 90	4
5f 32 2e	4
5f 45 00	4
5f 4d 65	4
5f 52 53	4
5f 53 34	4
5f 54 30	4
5f 69 66	4
5f 69 73	4
5f 75 6e	4
61 64 5f	4
61 6c 69	4
62 61 63	4
65 00 5f	4
65 61 6d	4
65 67 69	4
66 73 74	4
67 69 73	4
69 74 69	4
6b 77 61	4
6d 00 5f	4
6e 65 77	4
6f 79 49	4
73 65 45	4
74 38 69	4
74 61 5f	4
74 68 72	4
75 63 74	4
78 31 33	4
78 5f 73	4
79 5f 6d	4
7a 65 64	4
84 00 00	4
85 80 fe	4
85 f0 fc	4
89 c4 48	4
89 d8 48	4
89 de 48	4
89 e5 41	4
8b 10 48	4
8b 40 10	4
8b 55 d8	4
8b 55 f8	4
8d 48 ff	4
8d 85 00	4
8d 85 30	4
8d 85 70	4
8d 85 b0	4
8d 85 c0	4
8d 85 d0	4
a0 f8 ff	4
ba 00 00	4
c1 f8 04	4
c7 e8 00	4
c7 e8 10	4
d5 ff ff	4
d8 48 8b	4
e6 ff ff	4
eb 03 48	4
ec 18 48	4
ec 30 48	4
ee ff ff	4
f0 ff ff	4
f4 ff ff	4
f8 48 8d	4
f8 48 c7	4
ff 0e 00	4
ff 2d 00	4
ff ff 83	4
ff ff bf	4
ff ff e8	4
00 00 05	3
00 00 0c	3
00 00 11	3
00 00 16	3
00 00 1e	3
00 00 26	3
00 00 28	3
00 00 2c	3
00 00 34	3
00 00 3c	3
00 00 46	3
00 00 56	3
00 00 66	3
00 00 75	3
00 00 86	3
00 00 88	3
00 00 ac	3
00 00 b0	3
00 00 d6	3
00 00 ea	3
00 00 f2	3
00 15 00	3
00 2e 67	3
00 30 00	3
00 3c 00	3
00 41 83	3
00 42 00	3
00 46 00	3
00 48 29	3
00 48 39	3
00 48 c7	3
00 5f 49	3
00 6c 69	3
00 b8 00	3
00 c7 45	3
00 d0 7d	3
00 fd ff	3
01 05 00	3
04 48 89	3
06 68 0c	3
08 1c 00	3
0d 00 14	3
0d 00 30	3
0d 00 6c	3
0d 00 d4	3
0d 00 de	3
0d 00 ec	3
0d 00 f8	3
0d 00 fc	3
0d 06 47	3
0d 06 4f	3
0d 06 7d	3
0e 40 00	3
13 00 d0	3
15 00 f0	3
17 00 00	3
18 48 8b	3
18 5b 5d	3
19 00 98	3
19 40 00	3
1a 00 a0	3
1a 48 89	3
29 00 00	3
2e 32 2e	3
30 5f 00	3
30 5f 45	3
30 5f 5f	3
31 40 00	3
31 5f 4e	3
31 5f 5f	3
32 30 5f	3
34 5f 5f	3
35 5f 45	3
36 40 00	3
37 5f 53	3
38 40 00	3
38 48 89	3
38 5b 5d	3
38 69 6f	3
3e d5 2c	3
40 00 e8	3
42 41 4c	3
43 5f 32	3
44 32 45	3
45 37 64	3
45 45 31	3
45 45 34	3
45 45 37	3
45 45 52	3
45 45 53	3
45 45 70	3
45 45 76	3
45 4c 62	3
45 53 35	3
45 6d 50	3
45 b8 48	3
45 e8 10	3
45 e8 eb	3
45 f0 c9	3
45 f8 c7	3
45 ff 00	3
47 43 43	3
47 4c 4f	3
48 08 48	3
48 29 c2	3
48 83 45	3
48 89 42	3
48 89 d0	3
48 8b 10	3
48 8b 48	3
48 8b 50	3
48 8d 95	3
49 4c 62	3
49 50 4b	3
49 53 33	3
49 6f 73	3
4b 53 33	3
4c 0c 07	3
4d 5f 64	3
4d 65 74	3
4e 31 32	3
4e 47 5f	3
4e 53 61	3
4e 57 40	3
50 46 52	3
52 4b 54	3
53 36 5f	3
53 73 43	3
53 74 32	3
55 d8 c6	3
55 f8 b8	3
56 40 00	3
58 fd ff	3
5e 00 00	3
5f 52 4b	3
5f 53 5f	3
5f 5f 61	3
5f 5f 73	3
5f 61 63	3
5f 61 75	3
5f 64 65	3
5f 65 6e	3
5f 66 69	3
5f 69 6d	3
5f 69 6f	3
5f 6d 69	3
5f 73 74	3
60 0c 07	3
60 fd ff	3
61 49 50	3
61 49 54	3
61 49 63	3
61 5f 44	3
61 63 6b	3
61 6e 64	3
61 75 78	3
62 6c 65	3
63 5f 74	3
64 00 5f	3
64 45 43	3
65 40 40	3
65 45 76	3
65 5f 62	3
65 61 6c	3
66 69 6e	3
67 69 6e	3
69 66 73	3
69 6e 74	3
69 6f 73	3
69 74 5f	3
6c 65 6e	3
6d 6f 64	3
6d 6f 76	3
6e 64 5f	3
6e 67 73	3
6e 69 00	3
6f 6e 73	3
6f 76 65	3
72 64 5f	3
73 00 5f	3
73 5f 4f	3
73 5f 62	3
73 6f 2e	3
74 31 34	3
74 32 32	3
74 72 69	3
74 72 6f	3
74 72 75	3
76 54 5f	3
77 61 72	3
78 31 34	3
79 49 50	3
79 70 65	3
7d f8 89	3
7f 60 00	3
84 c0 74	3
85 50 ff	3
85 70 fd	3
85 80 f6	3
85 90 fd	3
85 d0 fc	3
85 db 74	3
89 02 48	3
89 45 f8	3
89 85 60	3
89 c6 48	3
89 e2 48	3
8b 55 e0	3
8b 85 50	3
8b 85 78	3
8c 03 83	3
8d 50 10	3
8d 85 10	3
8d 85 90	3
8d 85 a0	3
8d 85 f0	3
a0 81 60	3
b0 fe ff	3
ba ff ff	3
be 4e 57	3
bf 10 00	3
c0 0f 85	3
c0 84 c0	3
c0 fe ff	3
c3 00 00	3
c3 48 89	3
c7 e8 84	3
c7 e8 9a	3
c7 e8 a9	3
c7 e8 dc	3
c7 e8 f9	3
c8 48 89	3
c8 48 8b	3
d0 48 c1	3
d5 2c 00	3
d6 89 c7	3
de 48 89	3
e0 48 8d	3
e0 ff ff	3
e5 ff ff	3
e8 48 8d	3
eb ff ff	3
f0 00 74	3
f3 ff ff	3
fc 01 75	3
ff 0a 00	3
ff 14 00	3
ff 31 00	3
ff 41 83	3
ff 42 00	3
ff 48 85	3
ff ff 0f	3
ff ff 11	3
ff ff 28	3
ff ff 31	3
ff ff 38	3
ff ff 40	3
ff ff 58	3
ff ff 68	3
ff ff 78	3
ff ff 80	3
ff ff 88	3
ff ff 89	3
ff ff a0	3
ff ff c8	3
ff ff e0	3
00 00 07	2
00 00 0b	2
00 00 0e	2
00 00 0f	2
00 00 13	2
00 00 1a	2
00 00 1b	2
00 00 1d	2
00 00 21	2
00 00 2e	2
00 00 31	2
00 00 52	2
00 00 58	2
00 00 5c	2
00 00 6e	2
00 00 72	2
00 00 73	2
00 00 7e	2
00 00 89	2
00 00 8c	2
00 00 90	2
00 00 94	2
00 00 96	2
00 00 98	2
00 00 a5	2
00 00 a6	2
00 00 a8	2
00 00 a9	2
00 00 aa	2
00 00 ba	2
00 00 bc	2
00 00 c0	2
00 00 c8	2
00 00 cc	2
00 00 d8	2
00 00 dc	2
00 00 ec	2
00 00 f4	2
00 00 fc	2
00 10 01	2
00 10 13	2
00 11 02	2
00 19 00	2
00 26 00	2
00 2c 00	2
00 2e 64	2
00 2f 00	2
00 32 00	2
00 34 00	2
00 35 00	2
00 38 02	2
00 3e 00	2
00 43 00	2
00 44 00	2
00 48 00	2
00 48 85	2
00 54 02	2
00 55 48	2
00 58 00	2
00 5b 00	2
00 5d c3	2
00 5e 0d	2
00 78 57	2
00 7a 00	2
00 7d 05	2
00 84 01	2
00 8e 00	2
00 90 0e	2
00 98 02	2
00 bc 00	2
00 be 4e	2
00 c9 00	2
00 eb 05	2
00 eb 22	2
00 f4 03	2
00 f8 7d	2
00 ff 03	2
01 08 3d	2
01 1b 0c	2
01 48 83	2
01 78 10	2
01 d0 48	2
01 d8 48	2
01 e9 2c	2
02 48 8b	2
03 00 02	2
03 02 5b	2
03 05 8e	2
03 7c 0c	2
03 83 04	2
04 00 02	2
04 05 d0	2
04 48 01	2
04 48 83	2
04 83 05	2
05 00 02	2
05 50 00	2
06 47 8c	2
06 4c 0c	2
06 5d 0c	2
06 60 0c	2
06 64 0c	2
06 78 0c	2
07 05 d4	2
07 08 90	2
07 40 00	2
07 b8 01	2
08 08 00	2
08 f2 0f	2
0b 00 10	2
0d 00 0c	2
0d 00 12	2
0d 00 18	2
0d 00 21	2
0d 00 22	2
0d 00 24	2
0d 00 26	2
0d 00 28	2
0d 00 2c	2
0d 00 34	2
0d 00 36	2
0d 00 40	2
0d 00 49	2
0d 00 52	2
0d 00 5c	2
0d 00 62	2
0d 00 82	2
0d 00 8b	2
0d 00 8c	2
0d 00 96	2
0d 00 9c	2
0d 00 a4	2
0d 00 b2	2
0d 00 b6	2
0d 00 b8	2
0d 00 bc	2
0d 00 be	2
0d 00 ca	2
0d 00 d6	2
0d 00 e2	2
0d 00 ea	2
0d 00 f2	2
0d 06 60	2
0d 06 61	2
0d 06 6c	2
0d 06 73	2
0d 06 78	2
0e 00 04	2
0f 00 10	2
0f 10 40	2
0f 10 4d	2
0f 11 45	2
10 48 39	2
10 89 7d	2
11 48 8b	2
14 00 e8	2
16 00 f8	2
18 57 40	2
18 89 c6	2
1a 40 00	2
1a 48 8b	2
20 fe ff	2
22 00 00	2
23 48 8b	2
25 00 00	2
27 81 7d	2
28 ff ff	2
2a 00 00	2
2c 00 00	2
2d a0 81	2
2e 38 2e	2
2e 63 70	2
30 45 53	2
30 48 89	2
30 48 8b	2
30 5f 49	2
30 5f 53	2
31 2e 33	2
31 30 5f	2
31 32 4e	2
31 34 5f	2
31 39 5f	2
31 45 50	2
31 5f 4d	2
31 5f 54	2
31 5f 6d	2
32 32 5f	2
32 45 52	2
32 5f 44	2
32 5f 52	2
32 5f 6d	2
33 00 00	2
33 00 5f	2
33 48 89	2
33 5f 49	2
33 5f 50	2
33 5f 5f	2
33 62 61	2
34 05 00	2
34 49 6e	2
34 5f 45	2
34 5f 53	2
35 00 5f	2
35 40 00	2
35 62 65	2
35 63 5f	2
36 5f 00	2
38 02 00	2
38 07 00	2
38 61 6c	2
38 75 6e	2
39 40 00	2
39 c2 0f	2
3a 00 00	2
3d 00 00	2
3d 40 00	2
40 00 bf	2
40 08 00	2
40 10 48	2
40 ff ff	2
41 42 49	2
41 54 53	2
41 5c 5d	2
41 5f 00	2
42 0e 10	2
42 49 5f	2
44 00 00	2
44 5f 00	2
44 65 73	2
45 0c 07	2
45 31 31	2
45 31 35	2
45 31 39	2
45 33 65	2
45 37 69	2
45 39 5f	2
45 39 63	2
45 39 70	2
45 45 00	2
45 45 39	2
45 45 62	2
45 4e 39	2
45 50 46	2
45 63 76	2
45 70 70	2
45 c8 48	2
46 00 00	2
46 6d 74	2
47 5f 4d	2
48 07 00	2
48 29 c3	2
48 39 c2	2
48 40 00	2
48 83 6d	2
48 83 c2	2
48 89 01	2
48 89 10	2
48 89 51	2
48 89 d7	2
48 8b 75	2
48 8b 9d	2
48 c1 e0	2
48 c7 85	2
48 ff ff	2
49 53 61	2
49 5f 5f	2
4a 40 00	2
4b 53 31	2
4b 63 53	2
4b 63 6d	2
4b 76 00	2
4c 8b 65	2
4d 5f 67	2
4d 5f 69	2
4e 44 5f	2
4e 53 69	2
4e 53 73	2
50 0c 07	2
50 10 48	2
50 53 32	2
50 53 33	2
50 76 45	2
50 fe ff	2
52 4b 4e	2
52 4b 64	2
52 53 61	2
52 53 74	2
53 30 5f	2
53 37 5f	2
53 38 5f	2
53 41 5f	2
53 43 5f	2
53 44 5f	2
53 48 81	2
53 5f 00	2
53 73 00	2
53 73 53	2
53 74 6f	2
54 4d 43	2
54 4d 5f	2
54 5f 45	2
54 5f 52	2
54 5f 54	2
54 70 5f	2
55 40 00	2
55 b0 48	2
55 e0 48	2
55 f4 89	2
57 00 00	2
58 00 00	2
58 58 41	2
58 c1 f2	2
5a 6e 77	2
5c 40 00	2
5c 41 5d	2
5f 31 2e	2
5f 44 61	2
5f 44 65	2
5f 45 53	2
5f 46 6d	2
5f 52 65	2
5f 53 32	2
5f 53 35	2
5f 53 42	2
5f 53 43	2
5f 54 70	2
5f 5a 31	2
5f 5a 64	2
5f 5f 00	2
5f 61 72	2
5f 63 72	2
5f 65 72	2
5f 6e 69	2
60 00 48	2
61 32 49	2
61 5f 61	2
61 5f 65	2
61 5f 73	2
61 62 6c	2
61 64 64	2
61 67 45	2
61 67 73	2
61 72 72	2
61 72 74	2
61 79 5f	2
62 00 2e	2
62 73 74	2
63 45 43	2
63 65 73	2
63 6b 45	2
63 6c 6f	2
63 6f 6e	2
63 6f 75	2
63 74 49	2
64 16 00	2
64 5f 61	2
64 5f 63	2
64 5f 66	2
64 69 66	2
64 69 73	2
64 6f 6d	2
65 00 2e	2
65 05 00	2
65 45 50	2
65 49 50	2
65 54 61	2
65 5f 74	2
65 61 64	2
65 61 74	2
65 6e 63	2
65 6e 64	2
65 72 5f	2
65 72 73	2
65 74 5f	2
65 74 61	2
66 45 50	2
66 61 69	2
66 65 72	2
66 6c 61	2
66 72 61	2
67 0c 07	2
67 65 74	2
67 73 53	2
67 74 68	2
68 0d 00	2
68 72 65	2
68 72 6f	2
68 fa ff	2
69 00 00	2
69 00 5f	2
69 61 6c	2
69 66 5f	2
69 69 69	2
69 6e 00	2
69 6f 6e	2
69 74 00	2
69 74 43	2
6c 0c 07	2
6c 45 76	2
6c 50 76	2
6c 61 67	2
6c 65 00	2
6c 69 62	2
6c 6f 6e	2
6c 74 00	2
6d 40 40	2
6d 49 54	2
6d 61 78	2
6d 65 5f	2
6d 74 66	2
6d ff ff	2
6e 64 45	2
6e 6f 65	2
6e 73 65	2
6e 75 2e	2
6f 63 5f	2
6f 6d 5f	2
6f 6e 65	2
6f 73 49	2
6f 73 74	2
6f 77 5f	2
70 00 5f	2
70 61 72	2
70 6c 43	2
70 74 5f	2
70 fe ff	2
71 00 00	2
72 45 76	2
72 49 54	2
72 53 74	2
72 61 6d	2
72 61 6e	2
72 61 79	2
72 65 67	2
72 65 73	2
72 69 6e	2
72 6f 72	2
72 6f 77	2
72 72 61	2
72 73 45	2
72 74 5f	2
73 0c 07	2
73 31 33	2
73 40 00	2
73 43 31	2
73 49 53	2
73 5f 46	2
73 5f 69	2
73 5f 6f	2
73 65 53	2
73 69 7a	2
73 6f 66	2
73 74 61	2
73 74 65	2
74 05 e8	2
74 32 33	2
74 32 36	2
74 33 34	2
74 38 5f	2
74 39 62	2
74 40 40	2
74 5f 6f	2
74 61 00	2
74 61 6e	2
74 65 45	2
74 65 5f	2
74 65 64	2
74 65 78	2
74 66 6c	2
74 72 00	2
75 62 5f	2
75 6e 69	2
75 73 68	2
75 d0 48	2
75 f4 48	2
76 50 54	2
78 0c 07	2
78 49 4c	2
78 57 00	2
78 63 65	2
78 78 6e	2
78 fe ff	2
78 ff ff	2
79 00 2e	2
79 0c 07	2
79 49 4c	2
79 49 4e	2
7a 52 00	2
7a 65 45	2
7d 00 00	2
7d f0 48	2
7d f8 00	2
80 00 00	2
83 45 d8	2
83 6d f8	2
83 c4 08	2
83 c4 18	2
83 c4 20	2
83 c4 28	2
83 c4 60	2
83 ec 08	2
83 ec 28	2
83 ec 38	2
83 f0 01	2
84 c0 0f	2
85 00 fd	2
85 10 fd	2
85 10 fe	2
85 30 fd	2
85 40 fe	2
85 50 fd	2
85 60 fd	2
85 6c fd	2
85 a0 f8	2
85 b0 fd	2
85 c0 fc	2
85 e0 fc	2
89 42 08	2
89 45 e0	2
89 50 08	2
89 55 c8	2
89 75 e4	2
89 85 58	2
89 c1 48	2
89 c5 4c	2
89 e6 48	2
8b 00 8b	2
8b 08 48	2
8b 12 48	2
8b 45 b0	2
8b 45 c8	2
8b 48 08	2
8b 50 08	2
8b 55 98	2
8b 55 d0	2
8d 03 8c	2
8d 55 c0	2
8d 55 f8	2
8d 68 08	2
8d 85 60	2
8d 85 80	2
8d 85 cf	2
8d 85 df	2
8d 85 ef	2
8d 85 ff	2
8e 02 00	2
90 48 8d	2
90 fe ff	2
92 c0 84	2
95 58 ff	2
98 01 00	2
98 48 89	2
99 00 00	2
9d 2e 00	2
a0 48 89	2
a0 fe ff	2
a4 0d 00	2
a8 00 00	2
a8 48 8d	2
ac 0b 00	2
b0 48 89	2
b0 48 8d	2
b0 fd ff	2
b0 ff ff	2
b4 09 00	2
b8 48 8b	2
b8 ff ff	2
b9 ff ff	2
bb 00 00	2
be 00 00	2
be 01 00	2
be 30 57	2
be 34 57	2
be b0 15	2
be ff ff	2
bf 01 00	2
bf 60 14	2
bf a0 81	2
c0 48 83	2
c0 48 89	2
c0 48 8d	2
c0 74 0c	2
c0 ff ff	2
c1 48 8b	2
c1 ff ff	2
c3 0f 95	2
c3 4c 89	2
c4 38 5b	2
c7 45 f8	2
c7 e8 04	2
c7 e8 13	2
c7 e8 16	2
c7 e8 17	2
c7 e8 1a	2
c7 e8 1e	2
c7 e8 22	2
c7 e8 2b	2
c7 e8 30	2
c7 e8 32	2
c7 e8 3d	2
c7 e8 3e	2
c7 e8 3f	2
c7 e8 4e	2
c7 e8 54	2
c7 e8 58	2
c7 e8 5a	2
c7 e8 61	2
c7 e8 6f	2
c7 e8 70	2
c7 e8 72	2
c7 e8 79	2
c7 e8 7e	2
c7 e8 8b	2
c7 e8 93	2
c7 e8 98	2
c7 e8 ad	2
c7 e8 cc	2
c7 e8 cd	2
c7 e8 f5	2
c7 e8 fe	2
c8 00 00	2
d0 48 01	2
d0 7d 00	2
d0 7d 60	2
d0 f2 0f	2
d0 fc ff	2
d0 ff ff	2
d1 48 8b	2
d2 00 00	2
d7 00 00	2
d8 10 48	2
da 48 8b	2
db 74 10	2
dc 11 00	2
dc ff ff	2
dd ff ff	2
e0 04 48	2
e0 fe ff	2
e5 41 54	2
e5 41 55	2
e5 be ff	2
e6 48 89	2
e6 bf 10	2
e8 00 75	2
e8 10 48	2
e8 48 06	2
e8 48 83	2
e8 73 0e	2
e8 77 12	2
e8 79 07	2
e8 7e ff	2
ea 18 48	2
ea 4c 89	2
eb 04 48	2
eb 05 b8	2
eb 19 49	2
eb 25 48	2
ec 02 00	2
ec 28 48	2
f0 0f 92	2
f0 7d 60	2
f0 c9 c3	2
f1 ff ff	2
f2 0f 10	2
f2 ff ff	2
f7 04 00	2
f8 04 48	2
f8 83 7d	2
f8 b8 00	2
f8 c7 40	2
f9 ff ff	2
fc 89 75	2
fc 8b 45	2
fd 2c 00	2
ff 25 00	2
ff 26 00	2
ff 38 00	2
ff 3d 00	2
ff 4c 8d	2
ff 5d c3	2
ff 6f 02	2
ff b8 00	2
ff ba 08	2
ff be 00	2
ff be 4e	2
ff be 52	2
ff eb 1b	2
ff ff 0a	2
ff ff 15	2
ff ff 1c	2
ff ff 20	2
ff ff 50	2
ff ff 5e	2
ff ff 65	2
ff ff 6f	2
ff ff 8b	2
ff ff b8	2
ff ff c0	2
ff ff d8	2
ff ff f2	2
00 00 0a	1
00 00 0d	1
00 00 12	1
00 00 15	1
00 00 17	1
00 00 19	1
00 00 1f	1
00 00 23	1
00 00 25	1
00 00 27	1
00 00 29	1
00 00 2a	1
00 00 2b	1
00 00 2d	1
00 00 2f	1
00 00 33	1
00 00 35	1
00 00 3e	1
00 00 42	1
00 00 47	1
00 00 4d	1
00 00 53	1
00 00 59	1
00 00 5b	1
00 00 5f	1
00 00 62	1
00 00 64	1
00 00 67	1
00 00 6c	1
00 00 76	1
00 00 79	1
00 00 7a	1
00 00 83	1
00 00 8a	1
00 00 9a	1
00 00 9e	1
00 00 a1	1
00 00 a2	1
00 00 a4	1
00 00 ab	1
00 00 af	1
00 00 b4	1
00 00 b6	1
00 00 c2	1
00 00 c6	1
00 00 ca	1
00 00 d2	1
00 00 d9	1
00 00 da	1
00 00 df	1
00 00 e6	1
00 00 ef	1
00 00 f5	1
00 00 f6	1
00 00 f7	1
00 00 fd	1
00 00 fe	1
00 01 f3	1
00 04 0f	1
00 04 15	1
00 04 18	1
00 04 1c	1
00 04 57	1
00 04 58	1
00 04 64	1
00 04 a8	1
00 04 d8	1
00 04 dc	1
00 04 de	1
00 04 e8	1
00 06 15	1
00 06 f5	1
00 06 fd	1
00 07 bf	1
00 0a da	1
00 0a de	1
00 0a e0	1
00 0c 01	1
00 0c 10	1
00 0c db	1
00 0d 00	1
00 0f 1f	1
00 0f f0	1
00 10 03	1
00 14 05	1
00 14 11	1
00 16 14	1
00 17 40	1
00 18 ff	1
00 19 e2	1
00 1c 03	1
00 1c 12	1
00 1d 00	1
00 1d 05	1
00 1e 00	1
00 1e df	1
00 1e fa	1
00 21 fd	1
00 23 00	1
00 24 01	1
00 26 16	1
00 26 d3	1
00 28 00	1
00 28 76	1
00 28 de	1
00 29 dc	1
00 2b 00	1
00 2b e1	1
00 2d f4	1
00 2e 62	1
00 2e 65	1
00 2e 6e	1
00 2e 72	1
00 2e 73	1
00 2f 6c	1
00 30 02	1
00 30 d3	1
00 31 f1	1
00 32 df	1
00 32 f7	1
00 34 09	1
00 34 0c	1
00 36 15	1
00 36 ed	1
00 37 00	1
00 38 e0	1
00 39 00	1
00 3a e9	1
00 3b 00	1
00 3b fb	1
00 3c 04	1
00 3c 07	1
00 3c 0a	1
00 3c 0d	1
00 3c 13	1
00 3d 05	1
00 40 16	1
00 40 fc	1
00 41 00	1
00 41 d3	1
00 42 ee	1
00 42 f9	1
00 44 02	1
00 44 08	1
00 44 0e	1
00 44 89	1
00 44 e2	1
00 46 14	1
00 47 05	1
00 47 4c	1
00 47 4e	1
00 48 83	1
00 48 f6	1
00 49 89	1
00 49 fe	1
00 4a d3	1
00 4a d5	1
00 4c 8d	1
00 4c ef	1
00 4e 00	1
00 50 c1	1
00 50 dd	1
00 50 e2	1
00 50 e4	1
00 50 e5	1
00 50 fa	1
00 53 00	1
00 53 2c	1
00 53 4c	1
00 55 00	1
00 55 05	1
00 56 13	1
00 56 ba	1
00 57 e5	1
00 59 05	1
00 5a 00	1
00 5a 05	1
00 5a de	1
00 5b 5d	1
00 5c 08	1
00 5c 14	1
00 5c d7	1
00 5e 17	1
00 5f 4a	1
00 5f 55	1
00 5f 69	1
00 5f 73	1
00 61 74	1
00 61 d5	1
00 63 72	1
00 64 00	1
00 64 0f	1
00 64 12	1
00 64 65	1
00 66 15	1
00 66 f8	1
00 68 00	1
00 68 02	1
00 68 05	1
00 68 08	1
00 68 0b	1
00 68 0e	1
00 68 11	1
00 68 14	1
00 68 17	1
00 68 1a	1
00 68 1d	1
00 68 20	1
00 68 23	1
00 68 26	1
00 68 29	1
00 68 2c	1
00 68 2f	1
00 68 d3	1
00 69 00	1
00 6b 00	1
00 6b d3	1
00 6d 61	1
00 6e 67	1
00 6e ba	1
00 70 6f	1
00 70 e1	1
00 72 65	1
00 72 e3	1
00 73 00	1
00 73 71	1
00 74 05	1
00 74 0e	1
00 74 1e	1
00 74 29	1
00 75 11	1
00 75 14	1
00 75 1a	1
00 76 14	1
00 78 f2	1
00 7a e2	1
00 7c 12	1
00 7f e2	1
00 80 60	1
00 81 e0	1
00 83 45	1
00 84 00	1
00 84 db	1
00 84 e2	1
00 86 13	1
00 86 de	1
00 87 14	1
00 88 c0	1
00 89 d8	1
00 89 da	1
00 8b 1b	1
00 8b e2	1
00 8c 08	1
00 8c 0b	1
00 8e 01	1
00 8f 03	1
00 92 d7	1
00 92 f6	1
00 94 03	1
00 94 06	1
00 94 09	1
00 94 0c	1
00 94 15	1
00 96 15	1
00 96 1a	1
00 96 e2	1
00 98 01	1
00 98 81	1
00 99 e3	1
00 9a 00	1
00 9a fb	1
00 9b 0c	1
00 9c 04	1
00 9c 0a	1
00 9c 13	1
00 9c 81	1
00 9c e2	1
00 a1 01	1
00 a4 02	1
00 a4 0e	1
00 a4 de	1
00 a4 ec	1
00 a5 1a	1
00 a6 14	1
00 a6 e2	1
00 a6 f5	1
00 a8 8a	1
00 a9 fa	1
00 aa 01	1
00 aa 0c	1
00 aa fc	1
00 ac 0f	1
00 ad 00	1
00 ae ba	1
00 ae e4	1
00 b0 19	1
00 b0 e1	1
00 b0 e2	1
00 b0 ed	1
00 b1 df	1
00 b4 10	1
00 b6 00	1
00 b6 13	1
00 b6 dc	1
00 b6 e3	1
00 b8 bf	1
00 ba e1	1
00 bc 05	1
00 bc 11	1
00 bc 14	1
00 bc c1	1
00 bc f3	1
00 bd da	1
00 be 01	1
00 be 02	1
00 be b4	1
00 be b8	1
00 bf 19	1
00 bf 31	1
00 c0 db	1
00 c4 00	1
00 c4 e2	1
00 c6 00	1
00 c6 15	1
00 c6 d6	1
00 c6 ff	1
00 c7 85	1
00 c7 d7	1
00 cc e1	1
00 ce 05	1
00 ce d5	1
00 ce ee	1
00 d0 02	1
00 d0 0d	1
00 d0 5c	1
00 d0 e1	1
00 d1 01	1
00 d1 f7	1
00 d2 d4	1
00 d3 ff	1
00 d4 e1	1
00 d5 1c	1
00 d5 ba	1
00 d6 14	1
00 d8 33	1
00 da e1	1
00 dc 0c	1
00 dc 12	1
00 de 00	1
00 de f1	1
00 e2 1b	1
00 e4 01	1
00 e4 07	1
00 e4 0d	1
00 e6 13	1
00 e6 fa	1
00 e8 21	1
00 e8 24	1
00 e8 29	1
00 e8 7b	1
00 e8 7d	1
00 e8 82	1
00 e8 84	1
00 e8 8e	1
00 e8 e9	1
00 e8 f8	1
00 e9 00	1
00 e9 10	1
00 e9 20	1
00 e9 30	1
00 e9 40	1
00 e9 50	1
00 e9 60	1
00 e9 70	1
00 e9 80	1
00 e9 90	1
00 e9 a0	1
00 e9 b0	1
00 e9 c0	1
00 e9 d0	1
00 e9 e0	1
00 e9 f0	1
00 ea 00	1
00 eb 03	1
00 eb 1a	1
00 ec 05	1
00 ec f5	1
00 ed 04	1
00 f1 1b	1
00 f4 02	1
00 f4 da	1
00 f4 e5	1
00 f5 1c	1
00 f6 15	1
00 f6 ff	1
00 f8 00	1
00 f8 7f	1
00 f9 02	1
00 f9 e2	1
00 fa d2	1
00 fc 0a	1
00 fc 13	1
00 fc 1a	1
00 fc b9	1
00 fc e0	1
00 fe df	1
00 ff 25	1
00 ff 35	1
01 00 01	1
01 00 38	1
01 00 ae	1
01 00 ed	1
01 01 81	1
01 05 e1	1
01 05 f5	1
01 07 10	1
01 08 36	1
01 08 3c	1
01 0c 31	1
01 0e 48	1
01 19 00	1
01 1b 03	1
01 1b aa	1
01 28 00	1
01 48 89	1
01 7c 00	1
01 86 04	1
01 89 c3	1
01 a3 05	1
01 c2 48	1
01 d5 2c	1
01 fd 03	1
02 00 54	1
02 0c 07	1
02 22 00	1
02 4c 0c	1
02 4e 0c	1
02 54 0c	1
02 57 0c	1
02 59 0c	1
02 5b 0c	1
02 6c 20	1
02 75 0c	1
02 b1 0c	1
02 bf 0c	1
03 00 74	1
03 02 84	1
03 05 e3	1
03 05 fa	1
03 10 03	1
03 15 01	1
03 29 05	1
03 45 0e	1
03 72 0c	1
03 79 0c	1
03 8d 04	1
03 e0 15	1
04 00 01	1
04 00 66	1
04 00 98	1
04 02 00	1
04 02 4c	1
04 02 67	1
04 03 ed	1
04 04 76	1
04 05 a5	1
04 05 bc	1
04 08 00	1
04 08 75	1
04 0e 00	1
04 18 00	1
04 34 73	1
04 70 75	1
04 f8 74	1
05 00 d0	1
05 02 b0	1
05 05 00	1
05 05 92	1
05 05 e7	1
05 08 00	1
05 2d 00	1
05 2e 00	1
05 3d 00	1
05 44 00	1
05 45 00	1
05 45 ed	1
05 73 00	1
05 81 2c	1
05 86 0f	1
05 91 2a	1
05 95 2c	1
05 a9 2c	1
05 b1 2e	1
05 d9 2b	1
05 ed 2b	1
06 00 52	1
06 00 e0	1
06 01 00	1
06 02 50	1
06 02 55	1
06 02 56	1
06 02 59	1
06 02 e5	1
06 03 4b	1
06 05 92	1
06 05 a9	1
06 05 fe	1
06 16 40	1
06 1e 00	1
06 2a 00	1
06 45 0c	1
06 48 0e	1
06 4d 0c	1
06 4e 8e	1
06 4f 0c	1
06 57 0c	1
06 6a 0c	1
06 6d 0c	1
06 6f 0c	1
06 72 0c	1
06 74 0c	1
06 90 bb	1
06 e1 ff	1
07 00 5e	1
07 01 00	1
07 02 00	1
07 05 00	1
07 05 c0	1
07 4c fd	1
08 00 d0	1
08 05 eb	1
08 05 fe	1
08 06 00	1
08 0f fd	1
08 14 00	1
08 48 89	1
08 4c 8d	1
08 8a 01	1
08 90 01	1
08 b8 00	1
08 c9 c3	1
08 e9 1e	1
08 eb 1a	1
08 eb 22	1
09 00 60	1
09 03 00	1
09 10 00	1
09 fa ff	1
0a 00 90	1
0a 48 89	1
0a 8b 45	1
0a f7 ff	1
0b 2a 00	1
0b 77 08	1
0c 00 30	1
0c 02 48	1
0c 29 00	1
0c 35 05	1
0d 00 01	1
0d 00 02	1
0d 00 06	1
0d 00 0a	1
0d 00 10	1
0d 00 13	1
0d 00 1c	1
0d 00 1d	1
0d 00 20	1
0d 00 2d	1
0d 00 32	1
0d 00 35	1
0d 00 3c	1
0d 00 3f	1
0d 00 41	1
0d 00 42	1
0d 00 46	1
0d 00 4a	1
0d 00 56	1
0d 00 57	1
0d 00 58	1
0d 00 5e	1
0d 00 60	1
0d 00 63	1
0d 00 64	1
0d 00 66	1
0d 00 67	1
0d 00 6e	1
0d 00 70	1
0d 00 78	1
0d 00 84	1
0d 00 87	1
0d 00 89	1
0d 00 90	1
0d 00 97	1
0d 00 98	1
0d 00 99	1
0d 00 a0	1
0d 00 a1	1
0d 00 a5	1
0d 00 a6	1
0d 00 a9	1
0d 00 ab	1
0d 00 b3	1
0d 00 b9	1
0d 00 bf	1
0d 00 c0	1
0d 00 c1	1
0d 00 c4	1
0d 00 c6	1
0d 00 ce	1
0d 00 cf	1
0d 00 d9	1
0d 00 da	1
0d 00 df	1
0d 00 e4	1
0d 00 e8	1
0d 00 eb	1
0d 00 ee	1
0d 00 f6	1
0d 00 f9	1
0d 00 fe	1
0d 05 a8	1
0d 06 48	1
0d 06 53	1
0d 06 57	1
0d 06 5b	1
0d 06 5d	1
0d 06 63	1
0d 06 64	1
0d 06 6d	1
0d 06 70	1
0d 06 79	1
0d 09 00	1
0d 83 7d	1
0d c1 01	1
0d f6 ff	1
0e 05 00	1
0e 18 8e	1
0e 2f 00	1
0e 30 86	1
0e 8b 45	1
0e e6 ff	1
0e fc ff	1
0f 00 18	1
0f 00 70	1
0f 02 00	1
0f 10 10	1
0f 11 55	1
0f 11 6d	1
0f 1f 00	1
0f 1f 84	1
0f 2a c0	1
0f 84 a2	1
0f 85 13	1
0f 85 9a	1
0f 95 c0	1
0f fe ff	1
10 00 78	1
10 02 00	1
10 03 00	1
10 05 00	1
10 31 00	1
10 45 d0	1
10 46 0e	1
10 4d c0	1
10 4d d0	1
10 55 d0	1
10 57 40	1
10 5d c3	1
10 de ff	1
10 df ff	1
10 e9 83	1
10 e9 ff	1
10 fe ff	1
10 ff ff	1
11 00 30	1
11 00 d0	1
11 1a 00	1
11 2c 00	1
11 32 00	1
11 45 c0	1
11 45 d0	1
11 45 d8	1
11 5d c0	1
11 75 a8	1
11 85 50	1
12 00 34	1
12 06 00	1
12 0a 00	1
12 48 01	1
12 48 8b	1
13 00 e8	1
13 0e 00	1
13 3a 05	1
13 7e ec	1
13 e2 ff	1
13 fb ff	1
13 fd ff	1
14 01 00	1
14 48 8d	1
14 55 bf	1
14 98 0c	1
14 e1 ff	1
15 27 00	1
15 e8 e8	1
16 01 00	1
16 05 ae	1
16 15 40	1
16 28 00	1
16 33 00	1
16 8a 01	1
17 00 f8	1
17 03 00	1
17 0c 07	1
17 13 00	1
17 48 8b	1
17 f9 ff	1
18 07 00	1
18 12 00	1
18 23 00	1
18 4a 0f	1
18 5b 41	1
18 89 45	1
18 d3 ff	1
18 ff ff	1
19 00 9c	1
19 00 a0	1
19 01 0f	1
19 03 00	1
1a 00 9c	1
1a 00 b0	1
1a 00 b4	1
1a 00 b8	1
1a 00 c0	1
1a 0f 00	1
1a 3b 2a	1
1a 69 09	1
1a 6c 20	1
1b 02 00	1
1b 0c 07	1
1b 11 00	1
1b 16 00	1
1b 18 00	1
1b 19 00	1
1b dd ff	1
1b f0 ff	1
1c 07 00	1
1c 0b 00	1
1c 14 00	1
1c e7 ff	1
1d 05 00	1
1d 1c 00	1
1d 48 89	1
1e 00 00	1
1e 0f 1f	1
1e bf b4	1
1e bf b8	1
1f 00 00	1
1f 00 1c	1
1f 00 55	1
1f 01 00	1
1f 80 00	1
1f e0 ff	1
1f f2 ff	1
20 00 55	1
20 01 00	1
20 10 00	1
20 17 00	1
20 1a 00	1
20 29 00	1
20 2a b9	1
20 48 61	1
20 8d 04	1
20 e5 ff	1
20 f6 04	1
20 ff ff	1
21 00 00	1
21 01 10	1
21 2d 00	1
21 d0 5d	1
21 d3 03	1
22 02 00	1
22 14 00	1
22 48 8b	1
23 03 00	1
23 04 00	1
23 26 00	1
24 06 00	1
24 0a 00	1
24 0f 00	1
24 15 00	1
24 25 00	1
24 83 7d	1
24 ea ff	1
24 f6 ff	1
25 12 6c	1
25 28 27	1
25 2a 6c	1
25 42 6c	1
25 5a 6c	1
25 6a 6b	1
25 72 6c	1
25 82 6b	1
25 8a 6c	1
25 9a 6b	1
25 a2 6c	1
25 b2 6b	1
25 ba 6c	1
25 ca 6b	1
25 d2 6c	1
25 e1 ff	1
25 e2 6b	1
25 fa 6b	1
26 03 00	1
26 14 40	1
26 1e 00	1
26 eb ff	1
27 00 00	1
27 00 b9	1
27 00 e1	1
27 02 00	1
27 05 00	1
28 00 99	1
28 00 9c	1
28 00 b8	1
28 00 d2	1
28 00 d5	1
28 00 ee	1
28 00 f1	1
28 00 fd	1
28 04 00	1
28 08 00	1
28 12 00	1
28 19 00	1
28 1d 00	1
28 31 00	1
28 5b 41	1
28 5b 5d	1
28 76 00	1
28 c2 48	1
28 d6 ff	1
29 00 8a	1
29 00 8d	1
29 00 a6	1
29 00 b5	1
29 00 c2	1
29 00 d3	1
29 00 d4	1
29 00 f4	1
29 03 00	1
29 0b 00	1
29 15 00	1
29 20 34	1
29 2a 00	1
29 e5 31	1
2a 00 dc	1
2a 02 00	1
2a f0 ff	1
2b 00 a9	1
2b 0a 00	1
2b 17 00	1
2b 27 00	1
2b 2e 73	1
2b 32 00	1
2c 00 9a	1
2c 00 a3	1
2c 00 a4	1
2c 00 a5	1
2c 00 cd	1
2c 00 d7	1
2c 01 00	1
2c 0e 00	1
2c 10 00	1
2c 97 01	1
2c fa ff	1
2d 00 80	1
2d 00 df	1
2d 06 00	1
2d 09 00	1
2d 69 64	1
2d f4 ff	1
2e 00 00	1
2e 00 d0	1
2e 03 00	1
2e 05 00	1
2e 0f 1f	1
2e 28 00	1
2e 33 00	1
2e 35 00	1
2e 36 33	1
2e 41 42	1
2e 62 73	1
2e 62 75	1
2e 63 00	1
2e 64 61	1
2e 64 79	1
2e 66 69	1
2e 67 6e	1
2e 67 6f	1
2e 69 6e	1
2e 6e 67	1
2e 6e 6f	1
2e 72 6f	1
2e 73 79	1
2e 74 65	1
2f 00 00	1
2f 05 00	1
2f 20 00	1
2f 75 40	1
2f d3 ff	1
30 00 00	1
30 00 47	1
30 00 5f	1
30 02 00	1
30 0a 00	1
30 0e 00	1
30 13 40	1
30 15 00	1
30 31 34	1
30 39 31	1
30 40 40	1
30 45 45	1
30 45 4e	1
30 45 50	1
30 5f 43	1
30 70 72	1
30 f8 ff	1
30 fe ff	1
30 ff ff	1
31 02 00	1
31 05 44	1
31 0a 00	1
31 20 28	1
31 30 64	1
31 31 66	1
31 33 62	1
31 33 63	1
31 33 69	1
31 34 65	1
31 38 5f	1
31 45 45	1
31 66 72	1
32 00 00	1
32 00 04	1
32 2e 32	1
32 36 72	1
32 45 6d	1
32 5f 4d	1
32 6c 20	1
33 05 00	1
33 18 00	1
33 20 32	1
33 24 22	1
33 2d 37	1
33 38 00	1
33 64 65	1
33 e0 ff	1
34 00 00	1
34 11 00	1
34 2f 00	1
34 2f 6c	1
34 73 40	1
34 73 69	1
34 ec ff	1
35 00 43	1
35 01 2b	1
35 11 00	1
35 5f 00	1
35 5f 53	1
35 63 6c	1
35 65 72	1
35 70 72	1
35 be 3e	1
35 f8 ff	1
35 fb ff	1
36 00 00	1
36 00 5f	1
36 00 73	1
36 04 00	1
36 16 40	1
36 24 00	1
36 34 2e	1
36 5f 40	1
36 63 6f	1
36 73 75	1
37 00 00	1
37 01 00	1
37 26 00	1
37 48 8d	1
37 5f 4d	1
37 5f 52	1
37 67 65	1
37 72 65	1
37 8e 28	1
38 00 09	1
38 02 40	1
38 04 00	1
38 05 41	1
38 0c 00	1
38 27 20	1
38 36 2d	1
38 5f 00	1
38 5f 44	1
38 5f 45	1
38 5f 5f	1
38 83 07	1
38 de ff	1
38 ff ff	1
39 00 00	1
39 07 00	1
39 48 8b	1
39 5f 00	1
39 c3 75	1
39 e5 ff	1
39 eb 75	1
3a 00 2c	1
3a 05 00	1
3a 0a 00	1
3a 20 28	1
3a 30 00	1
3a 3a 5f	1
3a db ff	1
3b 05 00	1
3b 31 00	1
3b 45 f0	1
3b 54 05	1
3b d4 ff	1
3c 00 00	1
3c 12 00	1
3d 05 00	1
3e 00 01	1
3e 03 00	1
3e 1b 00	1
3e 23 00	1
3f 10 00	1
3f 20 00	1
3f 25 00	1
3f 48 01	1
40 00 03	1
40 00 b8	1
40 00 ff	1
40 05 00	1
40 08 4c	1
40 08 f2	1
40 0b 00	1
40 0e 00	1
40 10 00	1
40 14 00	1
40 16 00	1
40 16 40	1
40 18 00	1
40 1f 00	1
40 40 43	1
40 43 58	1
40 e7 ff	1
40 fd ff	1
41 00 00	1
41 02 00	1
41 0c 07	1
41 0e 28	1
41 0e 30	1
41 42 4c	1
41 55 41	1
41 55 49	1
41 56 41	1
41 5c 41	1
41 5d 41	1
41 5d 5d	1
41 5f 53	1
41 f3 ff	1
41 ff 14	1
42 08 5d	1
42 08 c9	1
42 0e 08	1
42 0e 18	1
42 0e 20	1
42 20 48	1
42 38 48	1
42 43 5f	1
42 50 5d	1
42 f8 ff	1
43 00 00	1
43 04 00	1
43 08 00	1
43 0c 07	1
43 40 00	1
43 48 8b	1
43 52 5f	1
43 5f 00	1
43 6c 61	1
43 6c 6f	1
43 6f 6e	1
43 79 49	1
43 f7 ff	1
44 01 00	1
44 03 00	1
44 07 00	1
44 89 4d	1
44 89 ff	1
44 ed ff	1
44 fd ff	1
45 03 00	1
45 0e 28	1
45 0f 00	1
45 31 30	1
45 31 37	1
45 32 30	1
45 34 62	1
45 34 73	1
45 35 62	1
45 36 5f	1
45 37 5f	1
45 38 6d	1
45 45 33	1
45 45 35	1
45 45 38	1
45 45 50	1
45 45 54	1
45 45 64	1
45 4e 44	1
45 4e 53	1
45 50 4b	1
45 50 54	1
45 50 63	1
45 52 64	1
45 52 69	1
45 53 31	1
45 53 34	1
45 53 36	1
45 54 31	1
45 5f 00	1
45 5f 45	1
45 5f 53	1
45 62 52	1
45 64 65	1
45 69 00	1
45 6d 00	1
45 6d 6d	1
45 76 54	1
45 88 48	1
45 90 05	1
45 98 48	1
45 a4 48	1
45 a8 ba	1
45 cc 01	1
45 d0 00	1
45 d0 75	1
45 d0 e8	1
45 d4 00	1
45 d5 4c	1
45 d8 c9	1
45 dc 00	1
45 e0 01	1
45 e0 75	1
45 e0 be	1
45 e4 89	1
45 e4 ff	1
45 e8 01	1
45 f0 5d	1
45 f4 02	1
45 f4 89	1
45 f8 01	1
45 f8 09	1
45 f8 10	1
45 f8 ba	1
45 f8 c9	1
45 fc 01	1
45 fc 83	1
45 fc c9	1
46 02 01	1
46 07 00	1
46 15 40	1
46 2e 00	1
46 52 53	1
46 53 45	1
46 75 40	1
46 80 05	1
46 e2 ff	1
47 2d 00	1
47 4e 55	1
47 8c 03	1
47 da ff	1
47 f3 ff	1
48 01 c2	1
48 01 d0	1
48 0e 00	1
48 10 48	1
48 13 00	1
48 16 00	1
48 22 00	1
48 39 c3	1
48 48 89	1
48 48 8b	1
48 5b 5d	1
48 81 c4	1
48 83 03	1
48 83 ea	1
48 85 c0	1
48 85 db	1
48 89 0a	1
48 89 b5	1
48 89 bd	1
48 89 c1	1
48 89 c6	1
48 89 d1	1
48 89 d9	1
48 89 da	1
48 8b 05	1
48 8b 08	1
48 8b 12	1
48 8b 18	1
48 8b 58	1
48 8b 8d	1
48 8d 0c	1
48 8d 2d	1
48 8d 48	1
48 c1 e2	1
48 c1 ea	1
48 c7 45	1
48 c7 c1	1
48 e7 ff	1
48 fd ff	1
49 05 00	1
49 21 00	1
49 2d 74	1
49 43 00	1
49 4e 39	1
49 53 34	1
49 54 30	1
49 54 31	1
49 54 4d	1
49 58 73	1
49 5f 31	1
49 69 45	1
49 6d 45	1
49 6e 69	1
49 74 65	1
49 89 f6	1
49 8d 03	1
49 e4 ff	1
4a 00 00	1
4a 07 00	1
4a 6c 20	1
4b 53 30	1
4b 53 32	1
4b 53 34	1
4b 53 61	1
4b 54 5f	1
4b 63 00	1
4b 63 52	1
4b 64 53	1
4b 6c 00	1
4c 38 5f	1
4c 45 52	1
4c 49 53	1
4c 89 e1	1
4c 89 e3	1
4c 89 e9	1
4c 89 ea	1
4c 89 ee	1
4c 89 f6	1
4c 8b 20	1
4c 8d 68	1
4c fa ff	1
4c fd ff	1
4d 0e 00	1
4d 0e 40	1
4d 1f 00	1
4d 43 5f	1
4d 43 6c	1
4d d0 f2	1
4d d5 2c	1
4d ec 44	1
4d f0 48	1
4d f8 48	1
4e 0c 00	1
4e 26 00	1
4e 2c 00	1
4e 41 4d	1
4e 53 5f	1
4e 53 6f	1
4e 55 00	1
4e fc ff	1
4f 00 00	1
4f 1e 00	1
4f 5f 73	1
50 08 eb	1
50 10 e9	1
50 11 00	1
50 26 79	1
50 53 31	1
50 53 35	1
50 54 49	1
50 54 5f	1
50 57 40	1
50 76 53	1
50 d3 ff	1
50 e6 ff	1
51 08 48	1
51 0a 00	1
51 20 00	1
51 e3 ff	1
51 e5 74	1
52 00 01	1
52 05 00	1
52 06 00	1
52 41 4d	1
52 52 53	1
52 53 33	1
52 53 62	1
52 53 6f	1
52 54 31	1
52 57 40	1
52 5f 45	1
52 64 00	1
52 65 64	1
52 65 73	1
53 04 00	1
53 0d 00	1
53 45 52	1
53 5f 45	1
53 5f 62	1
53 62 49	1
53 69 72	1
53 6f 53	1
53 73 34	1
53 73 36	1
53 73 40	1
53 73 50	1
53 73 61	1
53 73 70	1
53 74 33	1
53 c4 ff	1
53 d5 ff	1
54 02 40	1
54 03 00	1
54 05 00	1
54 06 00	1
54 09 00	1
54 0c 00	1
54 4c 8d	1
54 57 40	1
54 5f 5f	1
54 61 62	1
55 00 00	1
55 00 a4	1
55 12 00	1
55 13 00	1
55 31 00	1
55 41 54	1
55 6e 77	1
55 88 48	1
55 90 48	1
55 98 48	1
55 b8 48	1
55 c0 48	1
55 e0 8b	1
55 e8 4c	1
55 f0 89	1
55 fc 8b	1
56 02 00	1
56 0c 07	1
56 14 40	1
56 d7 ff	1
56 f0 ff	1
57 0a 00	1
57 0c 07	1
57 29 00	1
57 41 89	1
57 48 89	1
58 01 00	1
58 08 48	1
58 09 00	1
58 0c 07	1
58 0f 00	1
58 16 00	1
58 33 00	1
58 41 42	1
58 ba ff	1
58 e0 48	1
58 e7 ff	1
59 05 00	1
59 0c 07	1
59 1c 00	1
59 d3 ff	1
59 d5 3e	1
5a 00 00	1
5a 05 00	1
5a 15 00	1
5a 2b 00	1
5a 32 36	1
5a 34 31	1
5a 5a 4c	1
5a 64 6c	1
5a 6b 20	1
5a f3 ff	1
5b 00 00	1
5b 1a 00	1
5b ea ff	1
5b f0 ff	1
5c 01 00	1
5c 07 00	1
5c 0a 00	1
5c 0d 00	1
5c 13 00	1
5c de ff	1
5c f5 ff	1
5d 04 00	1
5d 0c 07	1
5d 33 00	1
5d 41 5c	1
5d 41 5e	1
5d 48 89	1
5d c3 66	1
5d c3 ba	1
5d c6 05	1
5d e9 7b	1
5e 0d 00	1
5e 2c 00	1
5e 41 5f	1
5e f7 ff	1
5e fa ff	1
5f 00 6d	1
5f 30 69	1
5f 44 59	1
5f 45 37	1
5f 45 40	1
5f 45 76	1
5f 49 54	1
5f 49 74	1
5f 4a 43	1
5f 4a 76	1
5f 4d 69	1
5f 4f 46	1
5f 4f 70	1
5f 50 4b	1
5f 50 53	1
5f 52 54	1
5f 53 31	1
5f 53 39	1
5f 53 41	1
5f 54 31	1
5f 5a 32	1
5f 5a 6e	1
5f 5f 46	1
5f 5f 4a	1
5f 5f 54	1
5f 5f 64	1
5f 5f 66	1
5f 5f 69	1
5f 5f 6c	1
5f 5f 70	1
5f 5f 74	1
5f 5f 76	1
5f 61 32	1
5f 61 49	1
5f 62 49	1
5f 62 65	1
5f 62 73	1
5f 63 61	1
5f 63 68	1
5f 63 6c	1
5f 64 69	1
5f 64 6f	1
5f 64 73	1
5f 65 78	1
5f 67 6c	1
5f 67 74	1
5f 67 78	1
5f 68 65	1
5f 69 6e	1
5f 6b 65	1
5f 6c 65	1
5f 6c 69	1
5f 6d 61	1
5f 6f 6e	1
5f 6f 73	1
5f 70 65	1
5f 70 74	1
5f 70 76	1
5f 72 65	1
5f 73 69	1
5f 74 61	1
5f 74 68	1
5f 74 6d	1
5f 74 79	1
5f 76 30	1
60 00 e8	1
60 00 ff	1
60 08 48	1
60 0b 00	1
60 0e 40	1
60 19 00	1
60 48 89	1
60 f0 48	1
61 00 2e	1
61 2e 70	1
61 31 30	1
61 31 33	1
61 32 00	1
61 43 32	1
61 44 31	1
61 45 69	1
61 45 76	1
61 49 4c	1
61 49 4e	1
61 4e 52	1
61 53 45	1
61 5f 62	1
61 5f 64	1
61 5f 66	1
61 5f 72	1
61 63 63	1
61 63 74	1
61 67 00	1
61 67 65	1
61 69 6c	1
61 69 6e	1
61 6c 75	1
61 6e 5f	1
61 72 64	1
61 73 73	1
61 74 63	1
61 74 69	1
61 78 5f	1
61 fd ff	1
62 31 45	1
62 49 53	1
62 52 4b	1
62 52 54	1
62 63 2e	1
62 63 5f	1
62 6c 20	1
62 6d 2e	1
62 e2 ff	1
63 1d 00	1
63 40 40	1
63 45 37	1
63 45 53	1
63 52 53	1
63 54 5f	1
63 5f 63	1
63 5f 6f	1
63 5f 73	1
63 63 5f	1
63 65 53	1
63 65 70	1
63 68 00	1
63 68 40	1
63 68 65	1
63 6b 5f	1
63 6b 77	1
63 6d 70	1
63 6f 53	1
63 73 75	1
63 74 45	1
63 76 00	1
63 78 61	1
64 00 00	1
64 02 00	1
64 05 00	1
64 05 86	1
64 06 00	1
64 0a 00	1
64 0c 07	1
64 0e 00	1
64 2d 6c	1
64 45 44	1
64 45 4c	1
64 45 50	1
64 49 4c	1
64 49 50	1
64 63 2b	1
64 64 00	1
64 64 64	1
64 65 45	1
64 65 61	1
64 65 72	1
64 65 73	1
64 69 74	1
64 74 6f	1
64 75 6d	1
64 79 6e	1
65 00 00	1
65 01 00	1
65 17 00	1
65 25 00	1
65 34 49	1
65 34 73	1
65 45 62	1
65 49 4e	1
65 53 35	1
65 5f 64	1
65 5f 65	1
65 5f 6d	1
65 5f 70	1
65 5f 73	1
65 61 6e	1
65 63 6b	1
65 64 20	1
65 64 61	1
65 68 5f	1
65 6c 61	1
65 6d 63	1
65 6e 61	1
65 6e 6d	1
65 6e 74	1
65 72 54	1
65 72 65	1
65 72 70	1
65 72 74	1
65 73 00	1
65 73 73	1
65 74 66	1
65 74 68	1
65 74 6c	1
65 75 63	1
65 78 69	1
65 b8 f2	1
65 fb ff	1
66 00 00	1
66 06 00	1
66 0c 07	1
66 13 40	1
66 1e 00	1
66 20 00	1
66 90 55	1
66 dc ff	1
66 f8 ff	1
67 01 62	1
67 07 00	1
67 0d 00	1
67 45 31	1
67 49 64	1
67 63 63	1
67 6d 6f	1
67 73 74	1
67 78 78	1
67 e7 ff	1
67 f9 ff	1
68 00 2e	1
68 01 00	1
68 04 00	1
68 06 00	1
68 07 00	1
68 0a 00	1
68 0c 07	1
68 10 00	1
68 13 00	1
68 14 00	1
68 16 00	1
68 19 00	1
68 1c 00	1
68 1f 00	1
68 22 00	1
68 25 00	1
68 28 00	1
68 2b 00	1
68 2e 00	1
68 40 40	1
68 5f 66	1
68 61 73	1
68 64 72	1
68 73 74	1
68 c1 ff	1
68 e2 ff	1
68 e9 ff	1
68 f9 ff	1
68 fe ff	1
69 02 00	1
69 09 00	1
69 1c 00	1
69 49 50	1
69 5f 61	1
69 62 36	1
69 62 63	1
69 62 67	1
69 64 64	1
69 64 65	1
69 6c 64	1
69 6d 70	1
69 6e 64	1
69 6e 65	1
69 6e 67	1
69 6e 73	1
69 6e 75	1
69 73 5f	1
69 74 40	1
69 74 79	1
69 76 65	1
6a 0c 00	1
6a 14 00	1
6a 25 99	1
6a 63 72	1
6a df ff	1
6a f6 ff	1
6b 05 89	1
6b 0c 07	1
6b 65 79	1
6b b6 00	1
6b e8 ff	1
6b ff ff	1
6c 09 00	1
6c 0e 38	1
6c 19 00	1
6c 28 00	1
6c 43 31	1
6c 45 52	1
6c 49 63	1
6c 5f 64	1
6c 69 64	1
6c 69 74	1
6c 6f 62	1
6c 70 76	1
6c 73 45	1
6c 73 49	1
6c d3 ff	1
6c fb ff	1
6c fd ff	1
6d 06 00	1
6d 0e 00	1
6d 12 00	1
6d 31 00	1
6d 52 4b	1
6d 64 65	1
6d 65 6d	1
6d 65 6e	1
6d 65 74	1
6d 69 49	1
6d 69 63	1
6d 6f 6e	1
6d 70 40	1
6d 70 75	1
6d 74 61	1
6d 79 00	1
6d d8 10	1
6d dd ff	1
6d f8 01	1
6d f9 ff	1
6e 00 2e	1
6e 04 00	1
6e 18 00	1
6e 20 00	1
6e 45 6d	1
6e 45 76	1
6e 5f 63	1
6e 5f 72	1
6e 5f 73	1
6e 5f 75	1
6e 61 6c	1
6e 63 65	1
6e 64 6c	1
6e 65 49	1
6e 65 54	1
6e 65 73	1
6e 67 5f	1
6e 67 64	1
6e 69 5f	1
6e 76 00	1
6e 77 69	1
6e e1 ff	1
6f 00 00	1
6f 01 00	1
6f 0c 07	1
6f 13 00	1
6f 2e 31	1
6f 2e 36	1
6f 5f 67	1
6f 5f 68	1
6f 62 61	1
6f 63 76	1
6f 64 65	1
6f 69 00	1
6f 6c 73	1
6f 6e 5f	1
6f 6e 61	1
6f 70 65	1
6f 73 65	1
6f 74 00	1
6f 74 65	1
6f 77 40	1
70 04 00	1
70 05 00	1
70 45 69	1
70 65 45	1
70 6c 44	1
70 6c 65	1
70 6f 70	1
70 74 45	1
70 75 74	1
70 79 45	1
70 fd ff	1
70 ff ff	1
71 05 00	1
71 08 00	1
71 72 74	1
72 0c 07	1
72 43 6c	1
72 45 6d	1
72 54 4d	1
72 64 49	1
72 65 6c	1
72 65 74	1
72 6b 20	1
72 6f 6d	1
72 73 5f	1
72 73 6f	1
72 74 00	1
72 74 40	1
72 74 61	1
72 79 00	1
72 d7 ff	1
73 00 00	1
73 00 2e	1
73 0e 00	1
73 1a 00	1
73 1f 00	1
73 2e 73	1
73 34 64	1
73 34 73	1
73 44 31	1
73 45 52	1
73 52 4b	1
73 53 5f	1
73 5f 61	1
73 5f 73	1
73 61 53	1
73 65 34	1
73 65 64	1
73 65 6c	1
73 68 65	1
73 69 6f	1
73 70 4c	1
73 73 65	1
73 75 5f	1
73 75 62	1
73 75 6d	1
73 79 6d	1
74 00 00	1
74 00 46	1
74 00 61	1
74 02 40	1
74 10 00	1
74 10 48	1
74 17 48	1
74 1d 00	1
74 20 34	1
74 23 00	1
74 2e 70	1
74 31 30	1
74 31 37	1
74 31 38	1
74 31 39	1
74 31 48	1
74 32 30	1
74 34 63	1
74 34 65	1
74 37 67	1
74 44 31	1
74 45 76	1
74 5f 5f	1
74 5f 61	1
74 5f 63	1
74 5f 6d	1
74 5f 74	1
74 61 31	1
74 61 44	1
74 61 62	1
74 61 74	1
74 63 68	1
74 64 04	1
74 64 69	1
74 65 00	1
74 65 2e	1
74 65 71	1
74 69 6f	1
74 69 76	1
74 6c 69	1
74 6c 73	1
74 6d 5f	1
74 6f 20	1
74 6f 69	1
74 72 79	1
74 73 74	1
74 c0 ff	1
74 f1 ff	1
74 f4 5d	1
75 0a bf	1
75 0c 07	1
75 10 48	1
75 14 8b	1
75 2d 00	1
75 2e 76	1
75 63 6c	1
75 66 66	1
75 6c 61	1
75 6d 65	1
75 6d 6d	1
75 6e 63	1
75 78 00	1
75 a0 48	1
75 c0 48	1
75 dd c9	1
75 e0 c7	1
75 f4 89	1
75 f8 8b	1
76 00 70	1
76 02 00	1
76 0a 00	1
76 15 40	1
76 40 00	1
76 52 53	1
76 5f 52	1
76 65 49	1
76 65 72	1
76 e2 ff	1
76 e7 ff	1
77 00 5f	1
77 00 6c	1
77 02 5d	1
77 2e 00	1
77 5f 62	1
77 6d 50	1
78 06 00	1
78 10 07	1
78 2d 78	1
78 45 4e	1
78 5f 70	1
78 61 5f	1
78 6e 65	1
78 74 00	1
78 74 72	1
78 78 6d	1
78 c0 ff	1
78 de ff	1
79 10 00	1
79 45 52	1
79 49 53	1
79 5f 61	1
79 5f 62	1
79 5f 63	1
79 5f 69	1
79 5f 76	1
79 6e 61	1
79 6e 73	1
79 74 65	1
79 e2 ff	1
7a 50 4c	1
7a 6c 20	1
7a e4 ff	1
7b 04 00	1
7b 30 00	1
7b c2 ff	1
7b f8 ff	1
7c 03 00	1
7c 0c 07	1
7c 14 00	1
7c e2 ff	1
7d 0a 54	1
7d a4 00	1
7d a4 01	1
7d b8 48	1
7d d8 b8	1
7d dc 00	1
7d e3 ff	1
7d f0 00	1
7d fc 89	1
7d fc 9f	1
7e 00 00	1
7e 22 00	1
7e c6 ff	1
7e e2 ff	1
7e ed 5d	1
7f 08 00	1
7f 0b 00	1
7f 45 4c	1
7f d4 48	1
7f d7 48	1
80 00 3f	1
80 02 00	1
80 10 00	1
80 12 00	1
80 17 00	1
80 25 05	1
80 3d c9	1
80 48 8b	1
80 ee ff	1
80 ef ff	1
80 f5 ff	1
81 00 00	1
81 2f 00	1
81 c4 98	1
81 ec 98	1
82 01 00	1
82 07 00	1
82 14 00	1
83 02 00	1
83 03 72	1
83 03 7c	1
83 04 02	1
83 06 00	1
83 27 05	1
83 3d e8	1
83 45 e8	1
83 45 f8	1
83 6d e0	1
83 7d a4	1
83 7d f8	1
83 c0 18	1
83 e4 f0	1
83 ea 18	1
83 ec 18	1
83 ec 30	1
83 ec 60	1
83 f8 0e	1
84 27 00	1
84 2b 00	1
84 c0 75	1
84 db 90	1
84 e5 ff	1
85 00 fe	1
85 00 ff	1
85 0f 00	1
85 0f fe	1
85 1b ff	1
85 20 fe	1
85 20 ff	1
85 40 fd	1
85 48 fd	1
85 50 fe	1
85 58 fd	1
85 60 fe	1
85 6c ff	1
85 70 fe	1
85 70 ff	1
85 78 f6	1
85 90 f6	1
85 90 fe	1
85 b0 fe	1
85 c0 0f	1
85 c0 74	1
85 c0 75	1
85 c6 fe	1
85 c9 74	1
85 cf fd	1
85 d0 fd	1
85 de fd	1
85 df fd	1
85 e0 fd	1
85 e4 ff	1
85 e7 ff	1
85 ed 74	1
85 ee fd	1
85 ef fd	1
85 f0 fd	1
85 f0 fe	1
85 fe fd	1
85 ff fd	1
86 01 00	1
86 09 00	1
86 0a 00	1
86 14 40	1
86 e8 ff	1
87 06 00	1
87 13 00	1
88 0a fa	1
88 12 00	1
88 1a 00	1
88 1d 00	1
88 d3 ff	1
88 e3 ff	1
88 ff ff	1
89 01 48	1
89 03 00	1
89 10 48	1
89 10 5d	1
89 2e 00	1
89 42 28	1
89 42 40	1
89 45 80	1
89 45 98	1
89 45 c0	1
89 45 d0	1
89 45 d8	1
89 50 10	1
89 51 08	1
89 55 98	1
89 55 c0	1
89 55 e0	1
89 75 b0	1
89 75 f8	1
89 7d a8	1
89 7d d0	1
89 7d fc	1
89 85 48	1
89 85 50	1
89 85 c0	1
89 85 d0	1
89 95 68	1
89 9d 28	1
89 9d 70	1
89 b5 80	1
89 bd 78	1
89 c5 48	1
89 d5 41	1
89 d8 eb	1
89 e1 48	1
89 e3 e9	1
89 e5 89	1
8a 01 e9	1
8a 1b 00	1
8a 6b 20	1
8a e2 ff	1
8a e5 ff	1
8b 00 4c	1
8b 00 5d	1
8b 00 c9	1
8b 05 05	1
8b 30 48	1
8b 45 b8	1
8b 45 c0	1
8b 45 fc	1
8b 4d 98	1
8b 4d d8	1
8b 55 b8	1
8b 55 fc	1
8b 85 30	1
8b 85 6c	1
8b 8d 70	1
8b 95 38	1
8b 95 58	1
8b 95 60	1
8b 95 68	1
8b 95 c0	1
8b 9d 40	1
8c 04 83	1
8c 05 48	1
8c 05 83	1
8c 11 3e	1
8c 17 00	1
8c d7 ff	1
8c de ff	1
8c f6 ff	1
8d 00 00	1
8d 10 fe	1
8d 1a 00	1
8d 45 b0	1
8d 48 10	1
8d 50 f0	1
8d 55 b0	1
8d 55 e8	1
8d 58 e0	1
8d 60 f0	1
8d 85 0f	1
8d 85 40	1
8d 85 4c	1
8d 85 50	1
8d 85 de	1
8d 85 ee	1
8d 85 fe	1
8d 8d 20	1
8d 8d 40	1
8d 8d 50	1
8d 8d 60	1
8d 8d 70	1
8d 95 20	1
8d 95 50	1
8d 95 70	1
8d 95 90	1
8d 95 cf	1
8d 95 d0	1
8d 95 df	1
8d 95 ef	1
8d 95 f0	1
8d 95 ff	1
8e 01 05	1
8e 03 00	1
8e 11 00	1
8e 1f 00	1
8e e3 ff	1
8e e4 ff	1
8f 02 45	1
8f 0f 00	1
8f 20 00	1
90 00 00	1
90 07 00	1
90 0e 00	1
90 0f 1f	1
90 15 00	1
90 48 83	1
90 56 40	1
90 e2 ff	1
90 f6 ff	1
91 19 00	1
91 2d 00	1
92 08 00	1
92 6c 20	1
92 c5 ff	1
93 00 00	1
93 15 00	1
93 e2 ff	1
94 00 00	1
94 04 00	1
94 05 00	1
94 28 00	1
94 f7 ff	1
95 00 fe	1
95 0f fe	1
95 20 fd	1
95 20 ff	1
95 21 00	1
95 24 00	1
95 30 fe	1
95 30 ff	1
95 40 ff	1
95 48 ff	1
95 50 ff	1
95 60 ff	1
95 68 fe	1
95 70 ff	1
95 78 fe	1
95 c0 84	1
95 d0 fd	1
95 de fd	1
95 e0 fd	1
95 e0 fe	1
95 ee fd	1
95 f0 fd	1
95 fe fd	1
96 13 40	1
96 26 00	1
96 de ff	1
97 01 00	1
97 10 05	1
97 26 05	1
97 e9 ff	1
98 02 00	1
98 0a 00	1
98 0e 00	1
98 81 00	1
99 02 00	1
99 04 00	1
99 2a 00	1
99 2b 00	1
9a 33 00	1
9a c6 ff	1
9a d7 ff	1
9b 16 00	1
9b 18 00	1
9b 1c 00	1
9b 2b 00	1
9b da ff	1
9c 03 00	1
9c 12 00	1
9c fe ff	1
9d 00 00	1
9d 38 ff	1
9d 70 ff	1
9d e6 ff	1
9d f5 ff	1
9e 2d 00	1
9f 08 00	1
9f 2f 00	1
a0 03 d5	1
a0 0a 00	1
a0 0c 00	1
a0 18 00	1
a0 33 00	1
a0 be ff	1
a0 d2 ff	1
a0 f4 ff	1
a0 ff ff	1
a1 05 00	1
a1 24 00	1
a1 e2 ff	1
a2 1e 00	1
a2 6b 20	1
a2 db ff	1
a2 ea ff	1
a3 0c 07	1
a4 01 00	1
a4 01 75	1
a5 1a 00	1
a5 25 00	1
a5 25 05	1
a5 2d 00	1
a5 30 00	1
a5 d8 fe	1
a5 e8 fe	1
a6 01 00	1
a6 10 3e	1
a6 15 40	1
a6 29 00	1
a6 c2 ff	1
a6 f7 ff	1
a7 27 05	1
a7 81 60	1
a7 ef ff	1
a8 05 00	1
a8 07 00	1
a8 08 00	1
a8 13 00	1
a8 ba 54	1
a8 e1 ff	1
a8 f4 ff	1
a8 f8 ff	1
aa 00 00	1
aa 02 00	1
aa 6c 20	1
ab 00 00	1
ab 05 00	1
ab f8 ff	1
ac 08 00	1
ad 00 00	1
ad f7 ff	1
ae 00 00	1
ae e7 ff	1
ae f5 ff	1
af 01 05	1
af 06 00	1
af 14 00	1
b0 01 00	1
b0 04 00	1
b0 0d 00	1
b0 48 8b	1
b0 f2 0f	1
b0 fa ff	1
b1 02 00	1
b1 04 00	1
b1 0c 07	1
b1 0d 00	1
b1 0f 05	1
b1 2e 00	1
b2 32 00	1
b2 48 8b	1
b3 01 00	1
b3 04 00	1
b3 11 00	1
b3 19 00	1
b3 23 00	1
b4 03 00	1
b4 06 00	1
b4 0c 00	1
b4 15 00	1
b4 20 00	1
b4 25 05	1
b5 20 fd	1
b5 59 f6	1
b5 70 fe	1
b5 dd ff	1
b5 fd ff	1
b6 14 40	1
b6 31 00	1
b6 6b 20	1
b6 ff ff	1
b7 07 00	1
b7 0c 07	1
b8 0c 00	1
b8 11 00	1
b8 16 00	1
b8 22 00	1
b8 2c 00	1
b8 48 89	1
b8 83 bd	1
b8 bb ff	1
b8 de ff	1
b8 e3 ff	1
b8 f2 0f	1
b8 fc ff	1
b9 02 00	1
b9 2d 00	1
b9 e3 ff	1
ba 10 33	1
ba 12 00	1
ba 6b 20	1
ba dc ff	1
ba e1 ff	1
bb 01 00	1
bb 05 00	1
bb 0b 00	1
bb 26 00	1
bb 26 05	1
bc 00 00	1
bc 04 00	1
bc 0a 00	1
bc 0c 07	1
bc 13 00	1
bc 1f 00	1
bd 04 00	1
bd 6c ff	1
bd 8c f6	1
be 03 00	1
be 06 00	1
be 13 00	1
be 20 57	1
be 3e 57	1
be 50 57	1
be 52 57	1
be e2 ff	1
bf 0c 07	1
bf 2a 00	1
bf 58 00	1
bf f1 ff	1
bf ff ff	1
c0 09 00	1
c0 0e 00	1
c0 0f 00	1
c0 0f 3e	1
c0 0f 84	1
c0 0f 95	1
c0 19 00	1
c0 48 c7	1
c0 74 05	1
c0 74 35	1
c0 b8 00	1
c0 ba ff	1
c0 c0 ff	1
c0 f2 0f	1
c0 f5 ff	1
c0 fd ff	1
c1 01 00	1
c1 0a 00	1
c1 2c 00	1
c1 48 85	1
c1 f2 0f	1
c1 f8 03	1
c2 0f 84	1
c2 10 00	1
c2 6c 20	1
c2 73 06	1
c2 74 31	1
c2 dd ff	1
c2 e2 ff	1
c2 ff ff	1
c3 01 48	1
c3 02 00	1
c3 0f 1f	1
c3 25 05	1
c3 48 c7	1
c3 66 66	1
c3 b8 00	1
c3 e8 36	1
c3 e8 5b	1
c4 02 00	1
c4 05 00	1
c4 08 5b	1
c4 0e 00	1
c4 10 5b	1
c4 40 5b	1
c4 48 89	1
c4 48 8b	1
c4 70 09	1
c4 f9 ff	1
c4 fa ff	1
c4 ff ff	1
c5 02 00	1
c5 2b 00	1
c5 30 00	1
c6 13 40	1
c6 2e 00	1
c6 48 89	1
c6 bf 10	1
c6 bf a0	1
c6 e4 ff	1
c7 00 00	1
c7 04 00	1
c7 24 1a	1
c7 40 04	1
c7 40 10	1
c7 40 1c	1
c7 45 cc	1
c7 45 dc	1
c7 45 e8	1
c7 85 44	1
c7 85 58	1
c7 85 60	1
c7 85 6c	1
c7 c0 00	1
c7 df 16	1
c7 e8 02	1
c7 e8 0c	1
c7 e8 14	1
c7 e8 1b	1
c7 e8 1c	1
c7 e8 1d	1
c7 e8 26	1
c7 e8 29	1
c7 e8 2d	1
c7 e8 31	1
c7 e8 35	1
c7 e8 38	1
c7 e8 39	1
c7 e8 3c	1
c7 e8 44	1
c7 e8 46	1
c7 e8 47	1
c7 e8 48	1
c7 e8 4a	1
c7 e8 4c	1
c7 e8 50	1
c7 e8 52	1
c7 e8 56	1
c7 e8 5b	1
c7 e8 5f	1
c7 e8 60	1
c7 e8 62	1
c7 e8 66	1
c7 e8 69	1
c7 e8 6d	1
c7 e8 71	1
c7 e8 74	1
c7 e8 7c	1
c7 e8 7d	1
c7 e8 81	1
c7 e8 92	1
c7 e8 99	1
c7 e8 9c	1
c7 e8 a4	1
c7 e8 a5	1
c7 e8 a7	1
c7 e8 a8	1
c7 e8 ac	1
c7 e8 ae	1
c7 e8 b5	1
c7 e8 bd	1
c7 e8 c1	1
c7 e8 c3	1
c7 e8 c4	1
c7 e8 cf	1
c7 e8 d1	1
c7 e8 d2	1
c7 e8 d8	1
c7 e8 dd	1
c7 e8 de	1
c7 e8 df	1
c7 e8 e0	1
c7 e8 e8	1
c7 e8 ea	1
c7 e8 ec	1
c7 e8 ee	1
c7 e8 ef	1
c7 e8 f4	1
c7 e8 f6	1
c7 e8 fa	1
c7 fb ff	1
c7 fd ff	1
c8 06 00	1
c8 07 00	1
c8 0b 00	1
c8 0d 00	1
c8 14 00	1
c8 81 00	1
c8 e1 ff	1
c8 f2 0f	1
c9 06 00	1
c9 0f 00	1
c9 74 12	1
c9 dc ff	1
c9 ff ff	1
ca 06 00	1
ca 08 00	1
cb 17 00	1
cb 27 05	1
cb ff ff	1
cc 03 00	1
cc 0a 00	1
cc 0b 00	1
cc 0f 00	1
cc 17 05	1
cc 30 00	1
cc 32 00	1
cc e3 ff	1
cc e5 ff	1
cc ef ff	1
cc f8 ff	1
cd 01 00	1
cd 08 00	1
cd 25 00	1
cd 2d 00	1
ce e1 ff	1
ce ff ff	1
cf 0b 00	1
cf 15 00	1
cf 2f 00	1
d0 01 48	1
d0 02 40	1
d0 24 00	1
d0 48 8b	1
d0 48 d1	1
d0 4c 89	1
d0 5d c3	1
d0 66 0f	1
d0 75 40	1
d0 d7 ff	1
d0 dc ff	1
d0 e3 ff	1
d1 00 00	1
d1 1a 00	1
d1 21 00	1
d1 5e 48	1
d1 ba 00	1
d1 da ff	1
d1 f8 ff	1
d2 25 05	1
d2 26 00	1
d2 6b 20	1
d2 6c 20	1
d2 74 f4	1
d2 e1 ff	1
d2 ee ff	1
d2 ff ff	1
d3 1e 00	1
d3 af 6b	1
d4 01 00	1
d4 01 48	1
d4 04 00	1
d4 10 00	1
d4 6c 20	1
d4 d7 ff	1
d4 df ff	1
d6 02 00	1
d6 07 00	1
d6 12 05	1
d6 15 40	1
d6 2a 00	1
d6 ff ff	1
d7 02 00	1
d7 29 00	1
d7 2b 00	1
d7 48 8b	1
d8 00 00	1
d8 13 00	1
d8 48 3b	1
d8 48 c1	1
d8 4c 89	1
d8 db ff	1
d8 eb 1d	1
d8 fe ff	1
d9 14 00	1
d9 18 00	1
d9 48 89	1
d9 ff ff	1
da 03 00	1
da 0e 00	1
da 17 00	1
da db ff	1
da e0 ff	1
db 02 00	1
db 17 c1	1
db 48 c1	1
db ff ff	1
dc 00 75	1
dc 01 00	1
dc 02 82	1
dc 05 00	1
dc 48 83	1
dc f6 ff	1
dc fc ff	1
dd 6c 20	1
de 2a 00	1
de f8 ff	1
de fd ff	1
df 04 00	1
df 26 05	1
df e8 16	1
df e8 25	1
df e8 2b	1
df e8 a1	1
df e8 b1	1
df e8 e2	1
df e8 ed	1
df f7 ff	1
e0 07 40	1
e0 0f 1f	1
e0 10 00	1
e0 10 48	1
e0 12 00	1
e0 16 00	1
e0 16 40	1
e0 17 00	1
e0 48 83	1
e0 48 c1	1
e0 89 c7	1
e0 e3 ff	1
e0 ed ff	1
e1 25 05	1
e1 2d 00	1
e1 32 00	1
e2 0c 00	1
e2 1f 00	1
e2 48 89	1
e2 da ff	1
e3 01 00	1
e3 08 00	1
e3 11 05	1
e3 e9 82	1
e3 eb 1f	1
e4 00 00	1
e4 48 8b	1
e4 d6 ff	1
e4 e7 ff	1
e4 f2 0f	1
e5 05 00	1
e5 23 00	1
e5 74 64	1
e5 89 7d	1
e5 c7 45	1
e5 e8 7e	1
e5 ff d0	1
e6 04 00	1
e6 14 40	1
e6 30 00	1
e6 e1 ff	1
e7 06 00	1
e7 22 00	1
e8 00 00	1
e8 01 03	1
e8 04 e7	1
e8 06 00	1
e8 07 e7	1
e8 07 f9	1
e8 08 03	1
e8 09 f9	1
e8 0a 04	1
e8 0a fb	1
e8 0b 07	1
e8 0b e5	1
e8 0c f9	1
e8 0e f1	1
e8 0f 01	1
e8 0f fa	1
e8 12 fa	1
e8 13 02	1
e8 14 e0	1
e8 19 fb	1
e8 1a 00	1
e8 1a 04	1
e8 1c 00	1
e8 1d f4	1
e8 1f e0	1
e8 21 d7	1
e8 21 db	1
e8 24 0a	1
e8 25 00	1
e8 25 0a	1
e8 28 07	1
e8 28 ff	1
e8 2a 03	1
e8 2a 0c	1
e8 2b fa	1
e8 2e ef	1
e8 30 d0	1
e8 30 df	1
e8 30 e1	1
e8 31 f2	1
e8 32 0c	1
e8 32 0e	1
e8 33 f7	1
e8 35 0d	1
e8 37 14	1
e8 37 fe	1
e8 38 04	1
e8 39 06	1
e8 3a 0e	1
e8 3b d2	1
e8 3e f6	1
e8 3e f7	1
e8 41 e6	1
e8 43 13	1
e8 44 06	1
e8 44 fa	1
e8 45 13	1
e8 46 f4	1
e8 47 fe	1
e8 48 29	1
e8 48 3b	1
e8 48 f8	1
e8 4c ff	1
e8 4d bc	1
e8 4d ed	1
e8 4f 07	1
e8 51 04	1
e8 51 07	1
e8 51 0a	1
e8 51 fc	1
e8 56 04	1
e8 57 f8	1
e8 59 07	1
e8 59 0a	1
e8 5a e1	1
e8 5b ee	1
e8 5c 0a	1
e8 5d e4	1
e8 5d f7	1
e8 5e f1	1
e8 5f 02	1
e8 62 1a	1
e8 65 f1	1
e8 66 f9	1
e8 6b f8	1
e8 6c 09	1
e8 6f 01	1
e8 6f dd	1
e8 70 f8	1
e8 71 ff	1
e8 75 0e	1
e8 76 f8	1
e8 77 1a	1
e8 77 e2	1
e8 78 f5	1
e8 7a f1	1
e8 7a fe	1
e8 7b f3	1
e8 7c e1	1
e8 7c ff	1
e8 7f 0a	1
e8 7f ff	1
e8 80 ff	1
e8 81 d3	1
e8 81 f0	1
e8 82 05	1
e8 83 09	1
e8 83 e6	1
e8 83 f4	1
e8 85 02	1
e8 86 0a	1
e8 88 04	1
e8 88 0a	1
e8 88 f9	1
e8 89 75	1
e8 8b 40	1
e8 8c d5	1
e8 8d 05	1
e8 8d f2	1
e8 91 05	1
e8 91 e3	1
e8 92 f0	1
e8 92 fc	1
e8 95 f8	1
e8 97 03	1
e8 97 04	1
e8 97 f2	1
e8 9a ff	1
e8 9b 00	1
e8 9b c4	1
e8 9b f5	1
e8 9c e4	1
e8 9f dd	1
e8 a1 0d	1
e8 a2 f6	1
e8 a5 02	1
e8 a5 e3	1
e8 a6 04	1
e8 a7 09	1
e8 a8 ea	1
e8 a8 f2	1
e8 a8 f9	1
e8 a9 ef	1
e8 ab f3	1
e8 ad 05	1
e8 b0 f8	1
e8 b1 0c	1
e8 b3 e4	1
e8 b4 01	1
e8 b9 19	1
e8 b9 db	1
e8 b9 ea	1
e8 b9 ff	1
e8 ba 07	1
e8 bd ff	1
e8 c0 03	1
e8 c0 08	1
e8 c0 c0	1
e8 c0 ec	1
e8 c1 0e	1
e8 c1 f6	1
e8 c2 06	1
e8 c4 03	1
e8 c5 e6	1
e8 c6 e4	1
e8 c7 06	1
e8 c9 04	1
e8 cb d8	1
e8 cb f1	1
e8 cd e3	1
e8 cd ea	1
e8 ce 0a	1
e8 ce f4	1
e8 cf f7	1
e8 d2 c5	1
e8 d3 f9	1
e8 d4 f5	1
e8 d8 0c	1
e8 d9 f4	1
e8 d9 fc	1
e8 da 09	1
e8 da c6	1
e8 da f7	1
e8 df 12	1
e8 e1 02	1
e8 e4 e9	1
e8 e8 06	1
e8 e9 db	1
e8 ea 0f	1
e8 eb f0	1
e8 ed 12	1
e8 f6 f4	1
e8 f8 db	1
e8 f8 ee	1
e8 f8 f0	1
e8 f9 f7	1
e8 fc fe	1
e8 fd 19	1
e8 fe ff	1
e8 ff f6	1
e8 ff ff	1
e9 00 ff	1
e9 0d 00	1
e9 10 fe	1
e9 14 00	1
e9 14 02	1
e9 20 fd	1
e9 2d 01	1
e9 30 ff	1
e9 40 fe	1
e9 41 02	1
e9 50 fd	1
e9 60 ff	1
e9 6b 03	1
e9 70 fe	1
e9 73 ff	1
e9 80 fd	1
e9 90 ff	1
e9 95 01	1
e9 97 02	1
e9 a0 fe	1
e9 b0 fd	1
e9 b1 02	1
e9 be 00	1
e9 c0 ff	1
e9 d0 fe	1
e9 e0 fd	1
e9 e8 00	1
e9 eb 01	1
e9 f0 fc	1
e9 ff ff	1
ea 00 00	1
ea 48 83	1
ea 6b 20	1
ea d4 ff	1
ea ec ff	1
ea f6 ff	1
eb 0e 48	1
eb 11 00	1
eb 17 48	1
eb 1a 48	1
eb 22 48	1
eb 24 83	1
eb 27 00	1
eb 2f 49	1
eb 6a 48	1
eb 6b 48	1
eb f7 ff	1
ec 08 48	1
ec 13 00	1
ec 26 00	1
ec 40 48	1
ec 60 48	1
ec 70 09	1
ec 98 01	1
ec e2 ff	1
ed 03 00	1
ed 2a 00	1
ed 49 89	1
ee f3 ff	1
ee fd ff	1
ef 00 00	1
ef 08 00	1
ef 30 00	1
f0 01 84	1
f0 25 05	1
f0 48 8d	1
f0 5d c3	1
f0 8b 1c	1
f0 eb 04	1
f0 eb 19	1
f0 fd ff	1
f1 d5 ff	1
f2 0f 2a	1
f2 0f 58	1
f2 0f 5c	1
f2 11 4d	1
f2 dd ff	1
f2 f8 ff	1
f3 48 8d	1
f3 c3 66	1
f3 e7 ff	1
f4 01 00	1
f4 09 28	1
f4 0b 00	1
f4 13 00	1
f4 e4 ff	1
f4 ee ff	1
f5 0e 00	1
f5 2d 00	1
f5 f4 ff	1
f6 12 87	1
f6 13 40	1
f6 15 00	1
f6 28 00	1
f6 f8 ff	1
f7 f3 ff	1
f7 fd ff	1
f8 00 00	1
f8 00 7f	1
f8 01 00	1
f8 04 5d	1
f8 08 00	1
f8 0a 00	1
f8 0e 00	1
f8 15 00	1
f8 75 02	1
f8 7d 00	1
f8 7d 60	1
f8 83 45	1
f8 c9 c3	1
f8 eb 22	1
f8 eb 25	1
f8 f2 0f	1
f9 02 00	1
f9 f9 ff	1
fa 01 d5	1
fa 07 00	1
fa 1b 00	1
fa 1d 00	1
fa ee ff	1
fb 04 05	1
fb 06 00	1
fb 0d 00	1
fb 11 00	1
fb 16 00	1
fc 00 00	1
fc 01 00	1
fc 01 81	1
fc 04 00	1
fc 09 00	1
fc 0c 00	1
fc 0f af	1
fc 10 00	1
fc 12 00	1
fc 24 00	1
fc 89 45	1
fc f7 d0	1
fd 03 48	1
fd 10 05	1
fd 19 00	1
fd 20 00	1
fe fd ff	1
fe ff 6f	1
ff 00 10	1
ff 00 1a	1
ff 01 08	1
ff 01 0c	1
ff 01 13	1
ff 01 bf	1
ff 02 00	1
ff 03 25	1
ff 04 74	1
ff 06 00	1
ff 08 0a	1
ff 10 0e	1
ff 10 15	1
ff 18 00	1
ff 18 0c	1
ff 1c 00	1
ff 20 00	1
ff 20 18	1
ff 22 00	1
ff 25 05	1
ff 25 0a	1
ff 25 22	1
ff 25 3a	1
ff 25 52	1
ff 25 62	1
ff 25 6a	1
ff 25 7a	1
ff 25 82	1
ff 25 92	1
ff 25 9a	1
ff 25 aa	1
ff 25 b2	1
ff 25 c2	1
ff 25 ca	1
ff 25 da	1
ff 25 f2	1
ff 28 00	1
ff 28 07	1
ff 28 13	1
ff 29 00	1
ff 30 11	1
ff 32 00	1
ff 35 00	1
ff 38 09	1
ff 38 0f	1
ff 38 16	1
ff 38 1b	1
ff 3c 00	1
ff 3e 00	1
ff 40 0b	1
ff 40 19	1
ff 41 56	1
ff 41 bc	1
ff 46 00	1
ff 48 00	1
ff 48 06	1
ff 48 08	1
ff 48 0d	1
ff 48 14	1
ff 48 81	1
ff 49 89	1
ff 58 00	1
ff 5b 00	1
ff 5e 00	1
ff 60 10	1
ff 60 12	1
ff 60 17	1
ff 60 1a	1
ff 65 00	1
ff 6f 00	1
ff 70 0e	1
ff 70 15	1
ff 73 00	1
ff 78 0a	1
ff 78 0c	1
ff 7a 00	1
ff 80 18	1
ff 83 45	1
ff 83 f0	1
ff 88 07	1
ff 88 13	1
ff 98 09	1
ff 98 11	1
ff 98 16	1
ff a0 05	1
ff a0 0f	1
ff a0 19	1
ff a0 1b	1
ff a8 06	1
ff a8 0b	1
ff a8 0d	1
ff a8 14	1
ff ba 00	1
ff bc 00	1
ff be b0	1
ff bf 00	1
ff bf 10	1
ff c0 10	1
ff c0 12	1
ff c0 17	1
ff c6 00	1
ff c7 45	1
ff c7 85	1
ff c8 1a	1
ff c9 00	1
ff d0 15	1
ff d8 08	1
ff d8 0a	1
ff d8 0e	1
ff e0 0c	1
ff e0 18	1
ff e2 0f	1
ff e8 05	1
ff e8 07	1
ff e8 13	1
ff e9 44	1
ff e9 e1	1
ff e9 ff	1
ff eb 0e	1
ff eb 43	1
ff eb 7f	1
ff f2 0f	1
ff f4 66	1
ff f8 11	1
ff f8 16	1
ff ff 01	1
ff ff 06	1
ff ff 08	1
ff ff 10	1
ff ff 1d	1
ff ff 1e	1
ff ff 22	1
ff ff 29	1
ff ff 2b	1
ff ff 2d	1
ff ff 30	1
ff ff 34	1
ff ff 3c	1
ff ff 3d	1
ff ff 3e	1
ff ff 41	1
ff ff 43	1
ff ff 49	1
ff ff 4c	1
ff ff 53	1
ff ff 60	1
ff ff 7a	1
ff ff 84	1
ff ff 8e	1
ff ff a8	1
ff ff b0	1
ff ff c7	1
ff ff f8	1
